post_id;text;date;likes;owner_id;is_video;by_tag
3QmB4LJedY;"Простой способ нарисовать глазки.
1. Рисуем контур глаза, верхнее веко, радужку.
2. Сухой коричневой пастелью, натертой в порошок, обводим глаз по контуру, растушевываем, а белой плотно покрываем верхнее веко.
3. Акрилом закрашиваем белок глаза.
4. Основным цветом закрасим радужку.
#хендмейд #ручнаяработа #мквподарок #процесс #кукларучнойработы #куклаизткани #мастеркласс_томашевская #куклытомашевскойирины";1432888431;118;1525947424;False;мквподарок
BAuNvVGsVne;"Наш первый #giveaway ! 
Разыгрывается мастер-класс ""Декор вечного календарика"", который состоится 24 января в 11:00 (подробности на sflers.ru в разделе ""Расписание"").
Правила такие :
-быть нашим подписчиком ;
-сделать репост этой фотографии (открыть профиль, иначе фото не появится в списке) ;
-поставить тэг #decorlafler_24 ;
-указать ссылку на страничку @sflers ;
-ждать 23 января...
Победитель будет выбран случайным образом. 
Удачи всем!
#giveaway #decorlaflёr #flersstudio #творчествооренбург #flёrs #decor #мквподарок #оренбург #орен #orenburg";1453209682;21;2550798157;False;мквподарок
BFZFJ9jiPDW;"Сегодняшний #мастерклассыдлядетей по #мыловарению. Детки со своими работами!#мылоручнойработы 
#мылоизосновы #мыловарение #мыло #мылоручнойработымосква #мыловподарок #красивоупакуем #подарокдетям #мылоручнойработы #ямыловар #мастерклассыдлядетей #мквподарок #мквподарокимениннику #мквподарокимениннице #мылоanely #anely #mcanely #мкanely";1463237957;11;2128445571;False;мквподарок
BFZFvediPFL;Сегодняшний #мастерклассыдлядетей по #мыловарению.  Детки со своими работами. #мыло #мылоручнойработы #мылоизосновы #мыловарение #безповода #красота #мастерклассыдлядетей #мквподарок #мквподарокимениннику #мквподарокимениннице #мылоanely #anely #mcanely #мкanely;1463238264;15;2128445571;False;мквподарок
BFZGP35iPGX;Сегодняшний #мастерклассыдлядетей по #мыловарению. Детки со своими работами.  #мыло #мылоручнойработы #мылоизосновы #мыловарение #безповода #красота #мквподарок #мквподарокимениннику #мквподарокимениннице #мылоanely #anely #mcanely #мкanely;1463238529;14;2128445571;False;мквподарок
BFZGmkBCPHe;Работы деток на #мастерклассе все-таки с фантазией у них все хорошо!  Здорово получилось )))#мылоручнойработы #мылоизосновы #мыловарение #мыло #мылоручнойработымосква #мыловподарок #мастерклассыдлядетей #мквподарок #мквподарокимениннику #мквподарокимениннице #мылоanely #anely #mcanely #мкanely;1463238715;17;2128445571;False;мквподарок
BFZHI_ECPJD;Работы деток с сегодняшнего #мастерклассапомыловарению #мылоизосновы #мыловарение #безповода #красота #мквподарок #мквподарокимениннику #мквподарокимениннице #мылоanely #anely #mcanely #мкanely;1463238997;12;2128445571;False;мквподарок
BGear-XmZh8;"Восхитительная пара Никита и Даша 😄💖💞🌸👌побывали у нас на мастер-классе👐🍩☕
Они сделали два символических кулона, с отпечатками пальцев друг друга, в виде пазлов🌿🌹💏💑
Ребята, желаю вам сохранить трепетность и нежность между вами на протяжении всей жизни! Вы такие классные!!!😘😉😀
#мастеркласс #металлглина #серебрянаяглина #серебро #кулон #мквподарок #artclaysilver #artclayrussia #silver #handmadejewelry #jewerly #падарок #станьювелиром";1465564501;15;1626436637;True;мквподарок
BGebCKTmZik;"Восхитительная пара Никита и Даша 😄💖💞🌸👌побывали у нас на мастер-классе👐🍩☕
Они сделали два символических кулона, с отпечатками пальцев друг друга, в виде пазлов🌿🌹💏💑
Ребята, желаю вам сохранить трепетность и нежность между вами на протяжении всей жизни! Вы такие классные!!!😘😉😀
#мастеркласс #металлглина #серебрянаяглина #серебро #кулон #мквподарок #artclaysilver #artclayrussia #silver #handmadejewelry #jewerly #падарок #станьювелиром";1465564683;17;1626436637;False;мквподарок
BGebOstGZjF;"Восхитительная пара Никита и Даша 😄💖💞🌸👌побывали у нас на мастер-классе👐🍩☕
Они сделали два символических кулона, с отпечатками пальцев друг друга, в виде пазлов🌿🌹💏💑
Ребята, желаю вам сохранить трепетность и нежность между вами на протяжении всей жизни! Вы такие классные!!!😘😉😀
#мастеркласс #металлглина #серебрянаяглина #серебро #кулон #мквподарок #artclaysilver #artclayrussia #silver #handmadejewelry #jewerly #падарок #станьювелиром";1465564786;18;1626436637;False;мквподарок
BGus27TKlBG;"Мастер-классы по пластичному моделированию с ювелирными глинами Art Clay Silver из чистого серебра 999 пробы в Москве:
______
@minkkawhite "" Красивая пара Никита и Даша на ювелирном мастер-классе по пластичному серебру Art Clay у инструктора школы Марины Синичкиной @minkkawhite
Сделали два символических кулона, с отпечатками пальцев друг друга, в виде пазлов ;) Ребята, желаем вам сохранить трепетность и нежность между вами на протяжении всей жизни! 
Вы такие классные!!! 🤗😍"" #мастеркласс #металлглина #сере6рянаяглина 
#сере6ро #кулон #мквподарок #artclaysilver 
#artclayrussia #silver #handmadejewelry #jewerly 
#падарок #станьювелиром";1466110899;133;1450377707;False;мквподарок
BGusuLwKlAq;"Мастер-классы по пластичному моделированию с ювелирными глинами Art Clay Silver из чистого серебра 999 пробы в Москве:
______
@minkkawhite "" Красивая пара Никита и Даша на ювелирном мастер-классе по пластичному серебру Art Clay у инструктора школы Марины Синичкиной @minkkawhite
Сделали два символических кулона, с отпечатками пальцев друг друга, в виде пазлов ;) Ребята, желаем вам сохранить трепетность и нежность между вами на протяжении всей жизни! 
Вы такие классные!!! 🤗😍"" #мастеркласс #металлглина #сере6рянаяглина 
#сере6ро #кулон #мквподарок #artclaysilver 
#artclayrussia #silver #handmadejewelry #jewerly 
#падарок #станьювелиром";1466110827;125;1450377707;False;мквподарок
BGuszlFKlA8;"Мастер-классы по пластичному моделированию с ювелирными глинами Art Clay Silver из чистого серебра 999 пробы в Москве:
______
@minkkawhite "" Красивая пара Никита и Даша на ювелирном мастер-классе по пластичному серебру Art Clay у инструктора школы Марины Синичкиной @minkkawhite
Сделали два символических кулона, с отпечатками пальцев друг друга, в виде пазлов ;) Ребята, желаем вам сохранить трепетность и нежность между вами на протяжении всей жизни! 
Вы такие классные!!! 🤗😍"" #мастеркласс #металлглина #сере6рянаяглина 
#сере6ро #кулон #мквподарок #artclaysilver 
#artclayrussia #silver #handmadejewelry #jewerly 
#падарок #станьювелиром";1466110872;79;1450377707;True;мквподарок
BN1P_TQg5Dk;"Посмотрите, какие замечательные получились подушки!
Не забудьте поставить всем ❤️!";1481363030;74;439971695;False;мквподарок
BOP2x6NDwnh;Парам-пам-пам 🎉🎉🎉 Видео-отчёт с новогоднего подарочного мастер-класса с победительницей @apterouss 🤗Чудеса рядом) мечтайте ❤️ #pria_tati #татьяна_прищепенко #pria_tati_silver_мк #artclayrussia #artclaysilver #jewellery #silver999 #чешуя #рыбьячешуя #conceptual #conceptualring #concept #серебро999 #мечтай #колечконапальчик #мквподарок #pria_tati_мк;1482255783;90;274394352;True;мквподарок
BP-CAtsASzA;"Такого в ""Печке"" еще не было!✌
Мы запустили новое направление.
В выходные у нас прошел совершенно новый, невероятный мастер-класс по КОЖЕВЕННОМУ ДЕЛУ. Все участники узнали тонкости и секреты работы с натуральной кожей, они резали, прокалывали, полировали, обрабатывали, начищали и в итоге изготовили себе РЕМЕНЬ. Своими руками! И всего за каких-то 5 часов. 🙈 Это не так просто, как может показаться))) Все фото с МК смотрим в нашей группе ВК👉vk.com/pechka_kzn👈 (активная ссылка в профиле).
А также совсем скоро пройдут новые мастер-классы, будем делать ремни, обложки, бумажники, блокноты и даже сумки. 👍👍👍
В наличии есть подарочные сертификаты.
Записаться на новые занятия можно в группе 👉vk.com/pechka_kzn👈 или по тел. 89370027969, 89274046003. WA: 89370027969, 89172480994.
🚪Ждем вас по адресу: ул. Сахарова, 26 Б.
#зимавПечке #мкказань #мастерклассыказань #казань #kazan #кожевенноедело #кудапойтиказань #мамыказани #подарокмужчине #подарокна23февраля #подарочныйсертификат #мквподарок #ремень #кожа #ремесло";1485952659;23;1545261559;False;мквподарок
BP-CayGAfED;"Такого в ""Печке"" еще не было!✌
Мы запустили новое направление.
В выходные у нас прошел совершенно новый, невероятный мастер-класс по КОЖЕВЕННОМУ ДЕЛУ. Все участники узнали тонкости и секреты работы с натуральной кожей, они резали, прокалывали, полировали, обрабатывали, начищали и в итоге изготовили себе РЕМЕНЬ. Своими руками! И всего за каких-то 5 часов. 🙈 Это не так просто, как может показаться))) Все фото с МК смотрим в нашей группе ВК👉vk.com/pechka_kzn👈 (активная ссылка в профиле).
А также совсем скоро пройдут новые мастер-классы, будем делать ремни, обложки, бумажники, блокноты и даже сумки. 👍👍👍
В наличии есть подарочные сертификаты.
Записаться на новые занятия можно в группе 👉vk.com/pechka_kzn👈 или по тел. 89370027969, 89274046003. WA: 89370027969, 89172480994.
🚪Ждем вас по адресу: ул. Сахарова, 26 Б.
#зимавПечке #мкказань #мастерклассыказань #казань #kazan #кожевенноедело #кудапойтиказань #мамыказани #подарокмужчине #подарокна23февраля #подарочныйсертификат #мквподарок #ремень #кожа #ремесло";1485952872;46;1545261559;False;мквподарок
BP2awY1js7I;"УДИВИ ПОДАРКОМ!

ПОДАРОЧНЫЙ СЕРТИФИКАТ НА МК по созданию БОЛЬШИХ ЦВЕТОВ станет прекрасным подарком
для ценителей искусства, творчества, мастерства и креатива🤘 ✔️оплатите полностью или частично обучающий курс;
✔️мы подготовим для Вас красивый подарочный сертификат;
✔️в Сертификат можно вписать поздравительный текст;
✔️в Сертификат можно вписать имена получателя и дарителя.
Те подарки, что идут от души, остаются в памяти дольше всего.
А вы как считаете — вам бы понравился такой подарок? 
#подарокцветы #декоративныецветы #14февраля #8марта #подарокподруге #мквподарок #8мартаподарок #8marta #цветыизшёлканазаказ #цветыизшёлка #мастеркласс #podarok#японскиеткани #японскиеножницы #мастеркласс #paperflowers#homedecor#мастеркласс#мастерклассмосква#мастерица#мастерклассастана#мастерклассбольшиецветы#цветыизбумаги#цветыспб#цветыизфоамирана#цветыизизолона #подарочныйсертификат #подарокжене #подарокподруге #spblife #питер #гринландия #kidsretail";1485697197;62;3306897991;True;мквподарок
BP_8A59A15d;"Весна-время творчества!🙌 Мастерская ""JK toys"" открывает запись на МК по созданию интерьерной куклы 25 и 26марта. Группы до 7 человек.👐✂✏ Приглашаем  всех, кто хочет сшить для себя или в подарок это текстильное чудо!😊 На МК Вы увидите тонкости изготовления куклы, узнаете, как создать простой и эффектный образ с помощью имеющихся материалов, а также вспомните уроки труда и проведете время в уютной творческой обстановке😄. По окончанию МК Вы получаете выкройки куклы ростом 30см, выкройки одежды, которая использовалась в ходе мк, и, конечно же, сшитую Вашими руками красавицу в подарочной коробочке💟👯 Вам потребуется взять с собой только отличное весеннее настроение, т.к. абсолютно все остальное предоставим мы: материалы для пошива, швейное оборудование, чай со вкусностями😄🍰☕. МК длится 5-6 часов. 
Стоимость: 4000р
Даты: 25 и 26 марта 2017г
Время: 11:00-17:00 🏠Место: свободное пространство ""Воздух"" @vozdux_penza ул. Ставского 4 к.1. Запись на МК по 50% предоплате (2000р). По вопросам записи на мк, а так же все подробности-в директ или сюда: viber/whatsApp +79023538702
#мкпенза#мкпосозданиюкуклы#мк#мастеркласспенза#подарокна8марта#чтоподаритьна8марта#подарокнадр#текстильнаякуклапенза#ручнаяработа#кукларучнойработы#мквподарок";1486016623;123;1945016990;False;мквподарок
BQA_2i8g1cw;"Такого в ""Печке"" еще не было!✌
Мы запустили новое направление.
В выходные у нас прошел совершенно новый, невероятный мастер-класс по КОЖЕВЕННОМУ ДЕЛУ. Все участники узнали тонкости и секреты работы с натуральной кожей, они резали, прокалывали, полировали, обрабатывали, начищали и в итоге изготовили себе РЕМЕНЬ. Своими руками! И всего за каких-то 5 часов. 🙈 Это не так просто, как может показаться))) Все фото с МК смотрим в нашей группе ВК👉vk.com/pechka_kzn👈 (активная ссылка в профиле).
А также совсем скоро пройдут новые мастер-классы, будем делать ремни, обложки, бумажники, блокноты и даже сумки. 👍👍👍
В наличии есть подарочные сертификаты.
Записаться на новые занятия можно в группе 👉vk.com/pechka_kzn👈 или по тел. 89370027969, 89274046003. WA: 89370027969, 89172480994.
🚪Ждем вас по адресу: ул. Сахарова, 26 Б.
#зимавПечке #мкказань #мастерклассыказань #казань #kazan #кожевенноедело #кудапойтиказань #мамыказани #подарокмужчине #подарокна23февраля #подарочныйсертификат #мквподарок #ремень #кожа #ремесло";1486052190;28;4542634924;False;мквподарок
BQezt08g5MY;"Придумала я такую игру! Сегодня в любое время я выложу фото этой куклы, где написано ""фото мастер класс"". Кто первый под фото напишет хочу, тому подарю Мк по этой кукле))) #мастерклассвподарок
#мкпокуклевподарок
#мквподарок
#каксшитькуклу
#мастеркласспомалышке
#каксшитьмалышку";1487052460;125;2612564799;False;мквподарок
BR5CFmdFv_w;"💟💟💟Подготовка к МК в самом разгаре! Будут красотки:)👭 #мкпенза#мкпосозданиюкуклы#мк#мастеркласспенза#МК#мк#подарокнадр#текстильнаякуклапенза#ручнаяработа#кукларучнойработы#мквподарок#мастеркласспенза#мккуклапенза#куклапенза#кукласвоимируками#куклапенза
#кукларучнойработы #куклапофотографии #куклапофото#куклавподарокпенза#кукланазаказпенза #подарокпенза#хэндмейдпенза #jkdoll#jktoys #интерьернаякуклапенза#подарок#пенза#кукла#интерьернаякукла#подарокдевочке#куклапофото#подарокпенза#подарокдочке#";1490079894;121;1945016990;False;мквподарок
BRPeQNcjVz-;"Девочки , у кого ещё нет моего МК??? Дарю!! Кто первый напишет под этим фото, ""я"" или ""мне"", тому и подарю!! Ну а кто не успеет, милости прошу поучаствовать в лотерее, где любой мк или все 3 можно приобрести по 150 р всего!!! Осталось 16 билетиков! И разыграем любую куклу на выбор победителя!!!
#мквподарок 
#дарюмастеркласс
#мне
#я
#каксшитькуклу 
#бесплатносшитькуклу
#безпроигрышнаялотерея_от";1488685375;182;2612564799;False;мквподарок
BRvQZjplQWQ;"Если вы не знаете, какой подарок выбрать близкому человеку, я снова прихожу на помощь😀 Сертификат на мастер-класс по созданию украшений из серебра 999 пробы номиналом от 4500₽ и далее без ограничений! 
Волшебство, которое происходит прямо на глазах - создание собственного украшения из чистейшего серебра❤ 
Уверяю, такой подарок надолго останется в памяти!
По вопросам приобретения сертификата пишите в Директ или ватсап: +79854607113
Я с радостью отвечу на все вопросы 🌺 #ACR_TatianaPrishchepenko";1489751853;88;274394352;True;мквподарок
BRvboU-l1gm;"🌸🌸🌸Совсем немного времени осталось до нашего весеннего мастер-класса по изготовлению вот этой нежнейшей барышни!🎀✂🙌 Есть 1 свободное  место!!! Вопросы в директ или 📲📞 +79023538702
МК длится 5-6 часов. 
Стоимость: 4000р
Дата: 26 марта 2017г
Время: 11:00-17:00 🏠Место: свободное пространство ""Воздух"" @vozdux_penza ул. Ставского 4 к.1. 
Запись на МК по 50% предоплате (2000р). #мкпенза#мкпосозданиюкуклы#мк#мастеркласспенза#МК#мк#подарокнадр#текстильнаякуклапенза#ручнаяработа#кукларучнойработы#мквподарок#мастеркласспенза#мккуклапенза#куклапенза#кукласвоимируками#куклапенза";1489757741;126;1945016990;False;мквподарок
BS0cebHlNkU;"💟 Не откладывая в долгий ящик, мастерская ""JK toys"" открывает запись на летний МК по созданию интерьерной куколки ростом 30см.  Шить будем вот такую нежную и яркую девочку-садовницу🌱🌸 Приглашаем  всех кто хочет сшить для себя или в подарок это текстильное чудо!😊 На МК Вы увидете тонкости изготовления куклы, узнаете, как создать простой и эффектный образ с помощью простых материалов, а так же вспомните уроки труда и проведете время в уютной творческой обстановке😄. По окончанию МК Вы получаете выкройки куклы ростом 30см, выкройки одежды которая использовалась в ходе мк, и, конечно же, сшитую Вашими руками красавицу в подарочной коробочке💟👯 Вам потребуется взять с собой только отличное летнее настроение, т.к. абсолютно все остальное предоставим мы: материалы для пошива, швейное оборудование, чай с вкусностями😄🍰☕. МК длится 5-6 часов. 
Стоимость: 4000р
Дата: 24 июня 2017г
Время: 10:00-16:00 🏠Место: свободное пространство ""Воздух"" @vozdux_penza ул. Ставского 4 к.1. Запись на МК по 50% предоплате (2000р). По вопросам записи на мк, а так же все подробности-в директ или сюда: viber/whatsApp +79023538702
#мкпенза#мкпосозданиюкуклы#мк#мастеркласспенза#МК#мк#подарокнадр#текстильнаякуклапенза#ручнаяработа#кукларучнойработы#мквподарок#мастеркласспенза#мккуклапенза#куклапенза#кукласвоимируками#куклапен";1492073440;133;1945016990;False;мквподарок
BS3rQ-hjetr;"22 апреля в 11.00 - уютный, душевный мастер-класс по шерстяной живописи. 
Приглашаем вас окунуться в увлекательное путешествие мира картин из натуральной овечьей шерсти🐏🐑. Рисование шерстью - это особый способ создания живописного полотна без использования кисточек, красок, карандашей или воды, методом сухого валяния цветной овечьей шерсти. 
Специальные навыки не требуются и не бойтесь, если не пробовали рисовать.
🖼 У Вас все получится! ***** ВЫБРАТЬ КАРТИНУ МОЖНО ИЗ ПРЕДЛАГАЕМЫХ В МАСТЕРСКОЙ ТЕМ. ЕСЛИ ВЫ ХОТИТЕ НАРИСОВАТЬ РАЗНОЦВЕТНОЙ ШЕРСТЬЮ СВОЮ КАРТИНУ, ЕЕ НЕОБХОДИМО ПРЕДВАРИТЕЛЬНО СОГЛАСОВАТЬ С НАМИ. 
По окончании мастер-класса с собой вы унесете домой настоящий шедевр - эксклюзивный предмет декора, а может душевный подарок дорогому человеку. ***** Тепло натуральной овечьей шерсти, ее мягкость, целебные качества, яркие цвета, возможность воплощать свои фантазии, получая при этом ощутимую пользу для здоровья: массаж активных точек на ладонях, что развивает мелкую моторику и координацию движений, - достоинства занятий с шерстью одинаково полезны не только детям, но и взрослым. А уж просто расслабиться и отвлечься от ежедневных забот - в первую очередь. ****** Стоимость МК по валянию картины: - размером А5 - 850 руб., от 7 лет, продолжительность - 2-3 часа - размером А4 - 1600 руб., от 10-11 лет, продолжительность - 4-6 часов в зависимости от сложности выбранной темы. 
Мастер-Ксения Куприна
В стоимость входят все необходимые для создания картины материалы, а также чай со смородиновым листом, апельсиновый кофе, печенье и конфеты. ***** Записаться на МК заранее можно по тел. 8-977-522-01-32 
Место проведения: г. Балашиха, ул. Карла Маркса. д. 16
.
.
.
#хоббмастерскаялимонад #лимонад_расписание_мк #картинышерстью #шерстянаяакварельвбалашихе #хобби_мастерская_лимонад #рисованиешерстью #мкдлядетей #мксдетьми #арт_терапия #подарок_ручной_работы #мквподарок #craftstherapy 💚";1492181858;26;3028413268;False;мквподарок
BSLTue1Fw5I;"За окном пасмурно, по этому подключаем вот такое солнышко с  субботнего МК🔆
#мкпенза#мкпосозданиюкуклы#мк#мастеркласспенза#МК#мк#подарокнадр#текстильнаякуклапенза#ручнаяработа#кукларучнойработы#мквподарок#мастеркласспенза#мккуклапенза#куклапенза#кукласвоимируками#куклапенза
#кукларучнойработы #куклапофотографии #куклапофото#куклавподарокпенза#кукланазаказпенза #подарокпенза#хэндмейдпенза #jkdoll#jktoys #интерьернаякуклапенза#подарок#пенза#кукла#интерьернаякукла#подарокдевочке#куклапофото#подарокпенза#подарокдочке#";1490693121;146;1945016990;False;мквподарок
BSMGluzFdiT;"Немного наборчиков в вечернюю ленту💟
В каждом из них: ткани для тела и одежды, пара обуви, волосы на трессах, аксессуары для декора👯, выкройки для создания тела и одежды👗. В некоторых наборах свитшоты, шапочки, джинсы могут быть уже сшитыми (по Вашему желанию). Наборы не содержат инструкций по пошиву, но их множество в открытом доступе в интернете😊💟 Наборчик может быть собран с учетом цветовых предпочтений. Создавайте прекрасное!!!🎀 Дополнительно понадобятся набивочный материал, иглы, нитки разной толщины, ножницы, румяна и черная краска для макияжа, немножко фантазии и Вашего личного видения:))🌸🙌
#мкпенза#мкпосозданиюкуклы#мк#мастеркласспенза#МК#мк#подарокнадр#текстильнаякуклапенза#ручнаяработа#кукларучнойработы#мквподарок#мастеркласспенза#мккуклапенза#куклапенза#кукласвоимируками#куклапенза
#кукларучнойработы #куклапофотографии #куклапофото#куклавподарокпенза#кукланазаказпенза #подарокпенза#хэндмейдпенза #jkdoll#jktoys #интерьернаякуклапенза#подарок#пенза#кукла#интерьернаякукла#подарокдевочке#куклапофото#подарокпенза#подарокдочке#";1490719788;107;1945016990;False;мквподарок
BSfxsmRl0jj;"Доброго дня, инстамир!🙌💟 С моего весеннего мастер-класса прошло чуть больше недели, в голове все разложилось по полочкам и я сделала ценные выводы! Хочется сказать в целом: это мои первые МК с таким количеством участников, и мы справились! Девочки в группах были с разным опытом шитья: кто-то вышивал крайний раз в школе, кто-то сейчас занимается пошивом  домашнего текстиля или кукол. Но каждая участница пришла на МК с большим желанием создать своими руками чудесную куклу, и каждой это удалось. Куклы получились очень разными, на мой взгляд даже похожими на своих создательниц😄👭Спасибо за Ваше трудолюбие😘. Для меня это были настоящие праздничные выходные в девочковом мире, с цветами, куклами и сладостями!!! Фото прилагаю😄👯🎀 Я решила не отказывать себе и другим в таком удовольствии, поэтому 🔊🔊🔊ОБЪЯВЛЯЮ НАБОР НА МК, который пройдет в конце июня!!!👉👉👉Следите за лентой, скоро покажу малышку, которую будем шить на грядущем МК! Всем отличного дня!
#мкпенза#мкпосозданиюкуклы#мк#мастеркласспенза#МК#мк#подарокнадр#текстильнаякуклапенза#ручнаяработа#кукларучнойработы#мквподарок#мастеркласспенза#мккуклапенза#куклапенза#кукласвоимируками#куклапенза";1491379923;156;1945016990;False;мквподарок
BSnXm2iFFdY;"Доброго утра!🎀✂😄
#мкпенза#мкпосозданиюкуклы#мк#мастеркласспенза#МК#мк#подарокнадр#текстильнаякуклапенза#ручнаяработа#кукларучнойработы#мквподарок#мастеркласспенза#мккуклапенза#куклапенза#кукласвоимируками#куклапенза
#кукларучнойработы #куклапофотографии #куклапофото#куклавподарокпенза#кукланазаказпенза #подарокпенза#хэндмейдпенза #jkdoll#jktoys #интерьернаякуклапенза#подарок#пенза#кукла#интерьернаякукла#подарокдевочке#куклапофото#подарокпенза#подарокдочке#";1491634680;123;1945016990;False;мквподарок
BSoIU9cFWq4;"Сегодня у меня день радости!🙌 Я вернулась к любимой работе спустя неделю перерыва🎀✂. Какое счастье встречать настоящих мастеров своего дела! На прошедшей неделе мне довелось общаться с мастером, с настоящим волшебником!😄 Мой волшебник- это хирург Владимир Георгиевич Недоваров, который сделал мне операцию на которую я не могла решиться 3 года, и теперь, наконец то(!!!!!!!!!!) я могу нормально дышать!👃 Второе дыхание открылось, работа кипит! Кто сказал что лыжный сезон закрыт?! Работаю над куколками для одной дружной, спортивной и невероятно красивой семьи👉👉👉 скоро в ленте👩👨👱👱👦
#мкпенза#мкпосозданиюкуклы#мк#мастеркласспенза#МК#мк#подарокнадр#текстильнаякуклапенза#ручнаяработа#кукларучнойработы#мквподарок#мастеркласспенза#мккуклапенза#куклапенза#кукласвоимируками#куклапенза
#кукларучнойработы #куклапофотографии #куклапофото#куклавподарокпенза#кукланазаказпенза #подарокпенза#хэндмейдпенза #jkdoll#jktoys #интерьернаякуклапенза#подарок#пенза#кукла#интерьернаякукла#подарокдевочке#куклапофото#подарокпенза#подарокдочке#";1491660224;83;1945016990;False;мквподарок
BSqbvDkFBz5;"Достаем из сундуков все цветочное, яркое, весеннее!💐✂🎀
#мкпенза#мкпосозданиюкуклы#мк#мастеркласспенза#МК#мк#подарокнадр#текстильнаякуклапенза#ручнаяработа#кукларучнойработы#мквподарок#мастеркласспенза#мккуклапенза#куклапенза#кукласвоимируками#куклапенза
#кукларучнойработы #куклапофотографии #куклапофото#куклавподарокпенза#кукланазаказпенза #подарокпенза#хэндмейдпенза #jkdoll#jktoys #интерьернаякуклапенза#подарок#пенза#кукла#интерьернаякукла#подарокдевочке#куклапофото#подарокпенза#подарокдочке#";1491737508;121;1945016990;False;мквподарок
BTTvH6Yj5ND;"Как мы проживаем художественные вторники 🤗🖼...сегодня, кстати, в ""Лимонаде"" мы снова погрузимся в мир масляной живописи и вас приглашаем получить большое удовольствие😉🎨✨
.
.
.
#хоббимастерскаялимонад #мкпоживописи #живописьмасломвбалашихе #лимонад_расписани_мк #живописьдлявзрослых #живописьдлявсех #мквподарок";1493123405;63;3028413268;False;мквподарок
BTWsr6ADIgy;"Вы же знаете, что впечатления можно дарить🎁.
Не надо долго мучиться в поисках необычного, приятного и незабываемого подарка, в нашей Мастерской каждый мастер-класс - подарок, если вы воспользуетесь сертификатом ""Лимонада"". Подарочный сертификат может быть именным и содержать ваши пожелания✨, а также может быть доставлен по указанному адресу.
.
.
.
#хоббимастерскаялимонад #лимонад_отчет_мк #деньрождениявлимонаде #подарочныйсертификат #мквподарок #женскаядружба #обнуление #мкпобижу#девочкитакиедевочки #лимонадныефеи #балашихарулит #украшенияручнойработы #украшениясвоимируками";1493222790;43;3028413268;False;мквподарок
BTWtcKfj5Sz;"Чуткая, женская, скорая помощь в виде участия в Рукотворном Волшебстве - это еще и отличный способ порадовав подругу, дать ей возможность отвлечься от ежедневных забот, развеяться. Да просто встретиться и пообщаться, ведь ""роскошь"" это в последнее время, да? А тут такой повод!... И здорово, будучи #лимонаднойфеей, при помощи  круглогубцев и кусачек быть причастной к такой теплой, творческой  встрече, в наших руках создавалась красота 🙌💎
Итог деньрожденческого мастер-класса: подружки своими руками создали колье-чокеры с крошкой тонированного перламутра, бирюзы и коралла, тут же надели, парочка селфи и полное удовольствие от всего произошедшего. 
На месте Ирины и Оли можете быть вы😉
8-977-522-01-32
.
. 
#хоббимастерскаялимонад #лимонад_отчет_мк #деньрождениявлимонаде #подарочныйсертификат #мквподарок #женскаядружба #обнуление #мкпобижу#девочкитакиедевочки #лимонадныефеи #балашихарулит #украшенияручнойработы #украшениясвоимируками";1493223185;68;3028413268;False;мквподарок
BT_e-Uzjpos;"14 мая привлекаем солнце и тепло🌞🌴👗, вяжем яркие, модные сумочки👜👛 и приближаем лето, раз уж с весной договориться не очень получается 😅
✨
В 14.00- мастер-класс, большой выбор разноцветной трикотажной пряжи, крючок и вязальная фея Елена Жученко- вот составляющие для создания вашей неповторимой сумочки и браслет в комплект в подарок! От 12 лет.
Стоимость-1600, продолжительность-4-5 часов, чай-кофе и печенье включены. С нами не соскучитесь и не проголодаетесь🙋☕🍰
Записаться: 8-977-522-01-32
Прийти: г. Балашиха, ул. Карла Маркса, д. 16
?@Regrann from @magic_looops_workshop -  Нравится сумка - жмите ❤️❤️❤️ и приходите 14 мая в хобби-мастерскую ""Лимонад"" (@hobbylemonade) на мой мастер-класс, где за 5 часов сможете связать себе подобную! 😀
 #regrann";1494591332;41;3028413268;False;мквподарок
BTg7A4iDFBE;"Немного о нашем лимонадном сегодня✨
.
.
.
#хоббимастерскаялимонад #мкпоскетчингубалашиха #мквподарок #мастер_классы #рисуемдлядуши #релаксвыходные #ручнаяживопись #рисуемпальцами";1493565846;48;3028413268;False;мквподарок
BTiKNcgj7XZ;"Здравствуйте, мои дорогие! Сегодня дарю Мк по мальчику! Когда выставлю фото, где написано ""Электронный мастер- класс"" нужно написать ""мне"" или ""хочу"" или ""я"" и кто первый напишет, тому и Мк!!! #мквподарок 
#традиция
#мастеркласспомалышке 
#мастерклассомск 
#кукламалышка";1493607368;119;2612564799;False;мквподарок
BTog_lwDgAW;"Друзья, ваши отзывы и впечатления  неимоверно приятны и важны.
Спасибо, Наташа @dushechka.soap 😊🙏, твои акварельные пироженки получились очень нежные ✨🍥, как впрочем и все, что ты делаешь для нашего ухода за собой 👱🍃💄🍀
*****
🎨 И вот логичный анонс!🎨
В начале июня стартует курс акварельного скетчинга, включающий в себя теории и практику, естественно🖼🌺🏰🍭🌁, в стенах Мастерской и не только. 5-6 занятий по 3 часа. Предварительно занятия по воскресеньям в 15.00, но наберется группа для занятий в будни, так тому и быть.
Вопросы по тел. 8-977-522-91-32
@Regrann from @dushechka.soap -  Дорогие Душечки, всех поздравляю с первым майским чудесным днем! 🌞🎉
Вчера, кажется, количество отдыхающих на шашлыках 🍖просто зашкалило! 
А я вот тоже усердно трудилась в свое удовольствие 😊в @hobbylemonade 🍭с чудесным преподавателем Евгенией! 
Я так давно мечтала начать осваивать искусство скетчинга🎨📋, но мне так страшно было начать, а Женя очень помогла отпустить себя и позволить творить!❤️ В общем, я думаю скоро мой аккаунт ждут небольшие изменения!🌺 А вы чем заняты в эти потрясающие теплые выходные?😍 #dushechkasoap_болталка - #regrann";1493820639;40;3028413268;True;мквподарок
BU15Gy6lB3m;"Создавай, экспериментируй, учись!!! 💟✂🎀
Мастерская ""JK toys"" набирает группы на однодневные мастер-классы по пошиву текстильных куколок. МК рассчитаны на тех кто имеет опыт создания кукол, и на тех, кто крайний раз держал иглу в руках еще на школьных уроках труда.🙌 Все материалы и оборудование предоставляются. Ближайший МК пройдет 24 июня. Количество мест ограничено.  Продолжительность МК: 5-6 часов. 
Стоимость: 4000р
Дата: 24 июня 2017г
Время: 10:00-16:00 🏠Локация: свободное пространство ""Воздух"" @vozdux_penza ул. Ставского 4 к.1. Запись на МК по 50% предоплате (2000р). По вопросам записи на мк, а так же все подробности-в директ или сюда: viber/whatsApp +79023538702
#мкпенза#мкпосозданиюкуклы#мк#мастеркласспенза#МК#мк#подарокнадр#текстильнаякуклапенза#ручнаяработа#кукларучнойработы#мквподарок#мастеркласспенза#мккуклапенза#куклапенза#кукласвоимируками#";1496416973;76;1945016990;False;мквподарок
BU7N5tMju9V;"Думала, вот буду делать пост про вторую свалянную шапочку, а на улице жара будет и как-то не сезон...ан нет, все ещё в тему⛅😕.
Истинный цвет на этом фото, а в карусели реальная посадка.
*****
Мы продолжаем в ""Лимонаде"" мастер-классы по мокрому валянию, 17 июня будем валять из шерсти классные жилетки, которые при желании могут быть двусторонними.
.
.
.
#хоббимастерскаялимонад #мквподарок  #валяниевбалашихе  #валяниеизшерсти #самсебедизайнер #лимонад_расписани_мк #мкповаляниюодежды #Балашихарулит";1496595648;49;3028413268;False;мквподарок
BU90BvEljFH;"Мастерская ""JK toys"" проводит однодневные индивидуальные и групповые мастер-классы по пошиву текстильных куколок. МК рассчитаны на тех кто имеет опыт создания кукол, и на тех, кто крайний раз держал иглу в руках еще на школьных уроках труда.🙌 Все материалы и оборудование предоставляются. Ближайший МК 24 июня. Остается несколько свободных мест👭 Продолжительность МК: 5-6 часов. 
Стоимость: 4000р
Дата: 24 июня 2017г
Время: 10:00-16:00 🏠Локация: свободное пространство ""Воздух"" @vozdux_penza ул. Ставского 4 к.1. Запись на МК по 50% предоплате (2000р). По вопросам записи на мк, а так же все подробности-в директ или сюда: viber/whatsApp +79023538702
#мкпенза#мкпосозданиюкуклы#мк#мастеркласспенза#МК#мк#подарокнадр#текстильнаякуклапенза#ручнаяработа#кукларучнойработы#мквподарок#мастеркласспенза#мккуклапенза#куклапенза#кукласвоимируками";1496682745;114;1945016990;False;мквподарок
BUEilRZDG2x;"Мы только начинаем вязать летние сумочки, а на улице уже потеплело 😉🐞🌿🌞
РукоТворное Волшебство в действии🙌😊
.
.
.
#хоббимастерскаялимонад #вязаныеаксессуары #мквподарок #мкповязаниюкрючком #сумокмногонебывает #рукотворныеподарки #рукоделиедлядетей #релаксвыходные";1494760997;53;3028413268;False;мквподарок
BUO9G4ylVTF;"Фото с нашего прошлого МК😊 Ностальгирую!💟💟💟Майские жуки летают в  пуховиках этой весной, как и прогнозировалось! 😅 Вся надежда на лето!🔆 А я напомню про наш ЛЕТНИЙ МАСТЕР-КЛАСС, на котором Вы увидете тонкости изготовления текстильной куклы, вспомните уроки труда и проведете время в уютной творческой обстановке😄. Продолжительность МК: 5-6 часов. 
Стоимость: 4000р
Дата: 24 июня 2017г
Время: 10:00-16:00 🏠Место: свободное пространство ""Воздух"" @vozdux_penza ул. Ставского 4 к.1. Запись на МК по 50% предоплате (2000р). По вопросам записи на мк, а так же все подробности-в директ или сюда: viber/whatsApp +79023538702
#мкпенза#мкпосозданиюкуклы#мк#мастеркласспенза#МК#мк#подарокнадр#текстильнаякуклапенза#ручнаяработа#кукларучнойработы#мквподарок#мастеркласспенза#мккуклапенза#куклапенза#кукласвоимируками#";1495110448;84;1945016990;False;мквподарок
BURMqqmDw93;"4 июня в 11.00 - вяжем сумочки, рюкзаки и торбы.
.
.
.
#хоббимастерскаялимонад #вязаниекрючком #вязаныеаксессуары #вяжутнетолькобабушки #сумочкакрючком #релаксвыходные #мквподарок #мкдлядетей #мамыотдыхают";1495185714;39;3028413268;True;мквподарок
BUSygfwAs3c;"🔥🔥🔥Внимание !!!!🔥🔥🔥 Радостная новость для ВСЕХ😃 кто хотел обучится макияжу у Евгении Буфархат @evgenia.boufarhat !
Мастер класс в г.Сумы 13 июня в студии ""Глянец""

По вопросам бронирования места обращайтесь ☎️0990357448

При покупке 2х билетов -50% скидки на третий билет
При покупке 3х билетов -75% скидки на четвёртый билет
При покупке 4х билетов - пятый билет в подарок 🎁

#мквподарок#мк#мастеркласс#мастерклассмакияж #мастеркласссумы #";1495239108;28;4937131358;False;мквподарок
BUThXeGFb2n;"🔥🔥🔥Внимание !!!!🔥🔥🔥 Радостная новость для ВСЕХ😃 кто хотел обучится макияжу у Евгении Буфархат! 
Мастер класс в г.Сумы 13 июня в студии ""Глянец""

По вопросам бронирования места обращайтесь ☎️0990357448

При покупке 2х билетов -50% скидки на третий билет
При покупке 3х билетов -75% скидки на четвёртый билет
При покупке 4х билетов - пятый билет в подарок 🎁

#мквподарок#мк#мастеркласс#мастерклассмакияж #мастеркласссумы #вода#шапкаизводы#съемка#аквасъемка #водостойкая #водостойкиймакияжвсумах #водостойкиймакияж";1495263676;57;4048042608;False;мквподарок
BUmALyElktm;"Сегодня небо, солнце, счастье создавать!☁🌞💟
#мкпенза#мкпосозданиюкуклы#мк#мастеркласспенза#МК#мк#подарокнадр#текстильнаякуклапенза#ручнаяработа#кукларучнойработы#мквподарок#мастеркласспенза#мккуклапенза#куклапенза#кукласвоимируками#куклапенза
#кукларучнойработы #куклапофотографии #куклапофото#куклавподарокпенза#кукланазаказпенза #подарокпенза#хэндмейдпенза #jkdoll#jktoys #интерьернаякуклапенза#подарок#пенза#кукла#интерьернаякукла#подарокдевочке#куклапофото#подарокпенза#подарокдочке#";1495883813;94;1945016990;False;мквподарок
BUyVrytlxYu;"С первым летним днем!!!🍒💟
#мкпенза#мкпосозданиюкуклы#мк#мастеркласспенза#МК#мк#подарокнадр#текстильнаякуклапенза#ручнаяработа#кукларучнойработы#мквподарок#мастеркласспенза#мккуклапенза#куклапенза#кукласвоимируками#куклапенза
#кукларучнойработы #куклапофотографии #куклапофото#куклавподарокпенза#кукланазаказпенза #подарокпенза#хэндмейдпенза #jkdoll#jktoys #интерьернаякуклапенза#подарок#пенза#кукла#интерьернаякукла#подарокдевочке#куклапофото#подарокпенза#подарокдочке#";1496297738;135;1945016990;False;мквподарок
BVEZicClhYd;"Доброго утра! Начну показывать летнюю коллекцию куколок для @choupette_58 🍉🌸 Наряды девочек созданы по мотивам одежды для юных модниц🎀👯
#мкпенза#мкпосозданиюкуклы#мк#мастеркласспенза#МК#мк#подарокнадр#текстильнаякуклапенза#ручнаяработа#кукларучнойработы#мквподарок#мастеркласспенза#мккуклапенза#куклапенза#кукласвоимируками#куклапенза
#кукларучнойработы #куклапофотографии #куклапофото#куклавподарокпенза#кукланазаказпенза #подарокпенза#хэндмейдпенза #jkdoll#jktoys #интерьернаякуклапенза#подарок#пенза#кукла#интерьернаякукла#подарокдевочке#куклапофото#подарокпенза#подарокдочке#";1496903738;121;1945016990;False;мквподарок
BVUw1ybDleR;"17 июня (сб) в 11.00 приглашаем на уютный, душевный мастер-класс по шерстяной живописи. ********************************************* Стоимость МК по валянию картины:
- размером А5 - 850 руб., от 7 лет, продолжительность - 2-3 часа - размером А4 - 1600 руб., от 10-11 лет, продолжительность - 4-6 часов в зависимости от сложности выбранной темы. 
В стоимость входят все необходимые для создания картины материалы, хорошее настроение, интересное общение, а также чай со смородиновым листом, апельсиновый кофе, печенье и конфеты. ***** Записаться на МК заранее можно по тел. 8-977-522-01-32 
Место проведения: г. Балашиха, ул. Карла Маркса. д. 16 .
.
.
.
#хоббмастерскаялимонад #лимонад_расписание_мк #картинышерстью #шерстянаяакварельвбалашихе #хобби_мастерская_лимонад #рисованиешерстью #мкдлядетей #мксдетьми #арт_терапия #подарок_ручной_работы #мквподарок #craftstherapy";1497452826;39;3028413268;False;мквподарок
BVXkZFgF9JX;"Подготовка к МК полным ходом💟💟💟
#мкпенза#мкпосозданиюкуклы#мк#мастеркласспенза#МК#мк#подарокнадр#текстильнаякуклапенза#ручнаяработа#кукларучнойработы#мквподарок#мастеркласспенза#мккуклапенза#куклапенза#кукласвоимируками";1497546963;148;1945016990;False;мквподарок
BVbqeoZFt1B;"Доброе утро🌼!
Бохо-цветок вам от ""Лимонада"" и надеемся, что наша всесезонная любовь к шерсти✨ не спугнет робкое солнышко, ведь сегодня мы валяем красивые, необычные жилеты и рисуем шерстью уютные картины.
. .
.
#хоббимастерскаялимонад #мокроеваляниевбалашихе #валяниеизшерсти #самсебедизайнер #картинышерстью #шерстянаяакварельвбалашихе #рисованиешерстью #подарок_ручной_работы #мквподарок #craftstherapy💚";1497684372;33;3028413268;False;мквподарок
BVkK4K5lLvk;"Солнечная куколка для юной принцессы👑
#мкпенза#мкпосозданиюкуклы#мк#мастеркласспенза#МК#мк#подарокнадр#текстильнаякуклапенза#ручнаяработа#кукларучнойработы#мквподарок#мастеркласспенза#мккуклапенза#куклапенза#кукласвоимируками#куклапенза
#кукларучнойработы #куклапофотографии #куклапофото#куклавподарокпенза#кукланазаказпенза #подарокпенза#хэндмейдпенза #jkdoll#jktoys #интерьернаякуклапенза#подарок#пенза#кукла#интерьернаякукла#подарокдевочке#куклапофото#подарокпенза#подарокдочке#";1497969794;131;1945016990;False;мквподарок
BWJ9MNMl2cs;"Всем доброго утра/дня!😉🌸 Припозднилась я с отчетом по МК, крайние 2 недели были насыщенными и  ударно трудовыми!😁 Но рассказать все же хочется. На МК мы создавали летнюю куколку садовницу с хвостиками/пучками, в джинсах и свитшоте. Работа в этот раз была не с прямыми волосами, а с локонами.💇 Это было не просто, но все справились и прически у кукол получились просто потрясающие!🙆💖 С некоторыми девочками мы встречались не первый раз, это очень приятно! Как я люблю кукольную атмосферу на МК, просто мимими, сказочное королевство. Все для девочек😊👑 🍂🍁ОСЕННИЙ МК🍁🍂 состоится ориентировочно 23-24 сентября!!! Запись открою через пару недель:) Все вопросы в директ или Viber/W'app💟
#mkjk58
#мкпенза#мкпосозданиюкуклы#мк#мастеркласспенза#МК#мк#подарокнадр#текстильнаякуклапенза#ручнаяработа#кукларучнойработы#мквподарок#мастеркласспенза#мккуклапенза#куклапенза#кукласвоимируками";1499237686;110;1945016990;False;мквподарок
BX5tcP-lKdX;"Улыбка начинающего художника, оцените первую работу маслом Алисы❤🖼
И да, наши художественные вторники полны открытий✨🖼🎨🙋";1502987526;99;3028413268;False;мквподарок
BXPlo6dlToj;"Поводы для подарков - разные🎁✨
Так может выглядеть и ваша красивая благодарность💐
*****
А если вам нужен классный педагог по химии и биологии, напишите, поделимся контактами.";1501574149;30;3028413268;False;мквподарок
BXVivUtgj1T;"..
..
☺🌵 Здравствуйте, друзья!
..
🎓❓У нас часто спрашивают, почему прекратились наши мастер-классы и когда они возобновятся?
..
👶🎓 Друзья, мы взяли временную паузу в проведении наших МК, потому что готовились к прибавлению в семействе ☺.
И теперь вот у нас появилась доченька👶. Малышка требует сейчас к себе очень много внимания и не отпускает нас пока на мастер-классы😉.
..
🌵🎓 Но спешим успокоить всех желающих - мастер-классы от Лавки чудес ZASTEKLOM обязательно будут продолжаться!
Мы вернёмся к ним немножко позже, наверное осенью.
..
🎓❗ Так что следите, пожалуйста, за нашей лентой и анонсами. Мастер-классы обязательно будут!☺🌵
..
#мастеркласс_zasteklom
#мастерклассы_zasteklom
..";1501773955;313;3183075762;False;мквподарок
BZGN8M7HP5D;"Прямо сейчас🙌😊
Смотрите сегодня сториз о рождении Счастливых Свинок✨🐷🐷🐷";1505554701;66;3028413268;False;мквподарок
BZeSba0HpQ-;"Приглашаем в ""Лимонад"" снимать стресс и воодушевляться🎨🖼)))
По вторникам в 18.00 - рисуем красивые картины маслом, акрилом и, одновременно, раскрашиваем свои будни яркими впечатлениями✨. Даже если вы не умеете рисовать, главное- ваше желание, об остальном мы уже позаботились😊🎨☕🍰🖼
Посмотреть как проходят наши художественные вторники можно в альбомах нашей группы в ВК
Подробности: 8-977-522-01-32";1506362361;59;3028413268;False;мквподарок
BajAevhgLHY;"❗️ПОДАРОК ЗА ЗАКАЗ❗️
🎁При заказе пряжи ,в подарок вы получаете МК «корзина-сердце» от мастерской @handmade_by_gusarova бесплатно👍🏻
🔹МК в формате PDF
🔹Фото каждого шага
🔹Словесное описание
🔹Помощь при возникновении вопросов по МК
❗️❗️❗️КАК ПОЛУЧИТЬ ПОДАРОК❓❓❓
1️⃣перейдите по ссылке (в шапке профиля)
2️⃣Выберите пряжу 
3️⃣Ввидите в поле промокод ❗️❗️❗️s6961❗️❗️❗️в поле промокод
(После того как вы нажмёте кнопку применить - пройдёт скидка - 5%)
4️⃣Оплатите и пришлите мне скрин 
5️⃣я вышлю Вам на почту Мастер класс 👍🏻
💝Выбирайте пряжу и начинайте вязать🌸
__________________
💰Моток-340р. / Ролик-290р.(цена без учета скидки)
📦Для заказа переходите по ссылке в шапке профиля ✅ .
.
#трикотажнаяпряжа #трикотажнаяпряжакупить#тпряжа#пряжадлявязания #пряжадлякорзинок #мксердце#мквподарок#трикотажнаяпряжамосква #трикотажнаяпряжа_flora #трикотажнаяпряжаbiskvit #пряжаbiskvit #пряжабисквит #трикотажнаяпряжабисквит";1508668207;32;6014221830;False;мквподарок
Bb3c58bHG-C;"🔥сегодня чёрная пятница ♠️ и мы подарим для Вас бесплатное участие в мастер классе для вас и для того кого вы отметите в комментариях под фото!🔥
👇👇👇
что нужно сделать:
1. Поставить порядковый номер под этим фото.
2. Сделать репост или выставить принт скрин этого фото.
2. Отметить на фото тех людей кому по Вашему мнению это будет интересно и мы тоже подарим им билет.
Розыгрыш состоится в прямом эфире сегодня вечером👌
#обучениебесплатно🎉 #мквподарок #обучениеодесса #обучениедлявладельцевстудий #обучениедлямастеров #одесса #selfiebeautybar #selfie_beauty_bar";1511501682;66;275140352;False;мквподарок
Bb4C3Oklxzg;На днях был выездной #мастер-класс в @theterracekirov, подаренный дружным коллективом #летучийкорабль  очаровательной имениннице. Рекордный по времени МК -всего за час, но делали 7 пар рук!!😂😂😂😂. Так что, если вы не знаете, что подарить коллеге, подруге-то вам к нам!! Есть подарочные сертификаты на #мкбумажныецветы. 47-46-23. #мастерклассцветы #мастеркласскиров#мккиров#мкбумажныйпион #мкбумажнаяроза#лепесток43 #большиецветы #большиебумажныецветы #мквподарок #подарокнадр #подарокколлеге;1511521582;34;3046891387;False;мквподарок
Bb6Fpl2FxGq;"Всю неделю мы публиковали мастер-класс по объемной броши с кодовым названием Жужик. И нам очень хочется надеяться он был полезен интрересен для вас. И мы решили на этом не останавливаться! 
Создав брошь по нашему мк вы можете получить в подарок наш Мастер-класс по колье ""Зимний сад"" в PDF формате(колье на фото) .
Что для этого нужно.
- создать брошь по мотивам нашего мк ""Жужик"". Он не должен быть копией нашего, мы не ограничивает вашу фантазию и не ставим никаких творческих границ, но он должен быть сделан на основании того же принципа и конструкции.
- под фото своей броши укажите тег #жужик_от_2s и  @twosouls.ua
Итоги подведем 30 декабря.
Наслаждайтесь творчеством и не бойтесь выходить за рамки😉
#twosoulsua_колье

#twosoulsua_МК";1511590152;249;4056097970;False;мквподарок
BbpkYrBlFw7;"Сегодня проводила мастер-класс по макияжу для девушек 14 лет😊. Девченки, вы такие милые, как маленькие птички с открытым ртом ловили интереснейшую для женщин информацию! Мне понравилось, имениннице @pretty_unicorn.17 как видите тоже! Это отличная идея мамы Даны подарить девочкам такой мк👍🏻
Даночка, с днём рождения тебя🎁🌺
Спасибо @ile_de_france_sumy за тёплый приём )
#др#подарокнадр#макияжвподарок#мквподарок#мастерклассвподарок #именинница";1511035841;49;4048042608;False;мквподарок
Bc70_xXHBsj;"#мастеркласс «Снежинка2018» ❄️проходит все Новогодние каникулы по предварительной договорённости.
❄️материал серебро 999 ° с эффектом керамики
❄️время мк идёт 3 часа
❄️подготовленность к мк не требуется
❄️5+
❄️стоимость мк 5000 руб.
❄️звоните +7(915)199-3028
❄️место студия artclay @artclayrussia
#medalion #silver999 #мксеребро #мксдетьми #эксклюзивныймк #подарок #зимнийподарок #новогоднийподарок #мквподарок #мкмосква";1513796014;32;3301533245;False;мквподарок
BcHxdRcHG40;"На данный момент это все желающие на Розыгрыш подарка-бесплатного места на МК по ватной игрушке,который пройдет в Москве  6 декабря 2017.
Заявки оставили 72 человека. Из них 8 человек не выполнили условия (нет Репоста),поэтому в розыгрыше принять участие не смогут,к сожалению. Это:
@rsveta74 
@nas_tayaschaya 
@ta.tiana1960 
@dostacha 
@meshkova_tatyana 
@kemniz 
@anastasiaa7272 
@tatiana_san_diego 
И еще один человек (@viktorika68 ) дал самоотвод, усмотрев в условиях розыгрыша возможность ""подставы""😆 и заведомо обвинив меня в желании всех обмануть😆
Поэтому на сегодняшний момент в розыгрыше принимают участие 63 человека. 
До 24 часов сегодняшнего дня (30 ноября) у желающих есть шанс присоединиться и попытать удачу. Комментарии пишем в теме розыгрыша и не забываем про репост на своих страничках. 
Розыгрыш состоится 1 декабря,в первый день зимы,завтра же объявим победителя. Желаю всем удачи!😘 #ватнаяигрушка#игрушкаизваты#розыгрыш#мкшведова#хочумкотшведовой#giveaway#бесплатныймк#мквподарок";1512049328;58;3253266019;False;мквподарок
BcLAxmSHr4V;"Ура нас уже 7000 тысяч! 
Спасибо каждому за подписку! За приятные вечера вязания вместе! За вдохновение создавать что  то новое! За поддержу в розвитие канала! СПАСИБО!!! И по традиции провожу #лотерея_от_никифоровой в которой за комментарии под видео разыграю ЛЮБОЙ МАСТЕР КЛАСС ВПОДАРОК из моего магазина fashion-olena.com
#мквподарок
#мк
#вязаниеспицами
#вязание2017
#урокивязания
#мастерклассы 
#подпищики 
#канал";1512158022;11;4610597328;False;мквподарок
BcRttwuD3pS;Дорогие друзья ! Т к Мастер-классы в нашей семейной мастерской пользуются популярностью, мы хотим сделать вам подарок на Новый год - разыграть бесплатное посещение наших МК  на новогодних каникулах.🎊🎁 (Приглашаем участвовать в розыгрыше!🎉🏮👇🏻 🔴 1 место: МК полного цикла : гончарное дело+Роспись глазурями 🔵2 место: Семейный МК на 2 человек по гончарному делу 🔶3 место: МК по росписи глазурями 🔷4 место: МК по гончарному делу.  Для участия в розыгрыше вам необходимо быть подписчиком моей страницы @karasevsjanna , указать в комментариях к этому посту «Хочу МК в подарок» и отметить 3-х своих друзей. Вам будет присвоен порядковый номер. Победителей определит генератор случайных чисел 12.12.2017 в 20.00  Удачи!🔔🎉#жаннакарасева #розыгрыш #мквподарок #семейнаямастерскаякарасевых #гончарноедело #керамика #глинотерапия #арттерапия #профориентация #найтисвоепризвание #работатвоеймечты;1512382910;74;2197722499;False;мквподарок
BcX9Kp3glZa;"Нам с малышами так приятно что мы так всем понравились 🤗 Поэтому я решила подарить вам возможность создать своего малышастика. С этой задачей справится даже начинающая рукодельница. Щеночки станут прекрасным сувениром к новому году)))
Сшиты из флиса. Можно выбрать любое из вариантов туловища, от этого зависит будет собачка сидеть или стоять. На выкройке указано направление растяжения флиса. Стоит учитывать чтобы детали не растянулись только в длину или только в ширину. 
Сшить туловище и детали головы. А так же детали рук. Вывернуть, набить и соединить все детали))) Можно выбрать разную форму ушей. 
Вырезать два кружочка из белого флиса и пришить на место глаз, сверху бусинки. Вышить носик. Затонировать. В лапки по желанию вручить новогодний колокольчик или другой новогодний символ))) А если пришить веревочку то можно повесить на елочку 🎄
Ваш щеночек готов 🐶
Можно любить, гладить, холить и лилеять 😃 А можно подарить дорогому вам человеку 😉 
С малышами поучаствуем в конкурсе #Создайсвоюсобачку_выкройка от @hobby.studio *****
Буду очень рада если вы отметите меня на фото с малышами сшитыми по этому мини мк 😊
А если сшить своего щеночка у вас все же не получается, то малыши с этой фотографии пока свободны и ищут любящий домик 🏠

#подарок #выкройкавподарок #мквподарок #выкройкасобачки #новыйгод #новогоднийподарок #подарокнановыйгод #ручнаяработа #годсобаки #тлт";1512592338;68;1181878801;False;мквподарок
BceCYRFD3GP;Дорогие друзья ! РОЗЫГРЫШ бесплатных МК по гончарному делу и росписи глазурями продолжается! 🎈🎈🎈Так как Мастер-классы в нашей семейной мастерской пользуются популярностью, мы хотим сделать вам подарок на Новый год - разыграть бесплатное посещение наших МК  на новогодних каникулах.🎊🎁Приглашаем участвовать в розыгрыше!🎉🏮🎨 #жаннакарасева #розыгрыш #мквподарок #семейнаямастерскаякарасевых #гончарноедело #керамика #глинотерапия #арттерапия #профориентация #найтисвоепризвание #работатвоеймечты;1512796397;49;2197722499;False;мквподарок
BcrewHwB7CK;"Волна красных, волна серых, теперь время мятных и голубых. Еще парочку свяжу) и хочу другой цвет!
Какой следующий цвет будет на заказ! Кто первый отгадает цвет следующего заказа -  подарю МК по берету Коко
Результат объявлю 16.12 в 12.00 
#берет #тиффани #помпон
#свяжуберет #мк #мквподарок #подарок #вяжутнетолькобабушки #беретыносятнетолькобабушки";1513247480;458;3176566191;False;мквподарок
Bd77eAuBpDT;"Даже если вы далеки от творчества, не держали кисть в руке, но очень хочется на 3 часа погрузится в творческую обстановку🎨

Приходите в мою творческую мастерскую
18 января с 18.00 до 21.00
На Мастер-класс "" Объемная плитка""
Стоимость 60 BYN

Сохраняем в закладки: нажимаем верхний правый флажок. И Читаем дальше 👌

Работаем с материалами @dariageiler

На МК вы:
Узнаете как при помощи трафаретов и объемной пасты создать фантазийную коллекцию плиточек.
Создадите панно из 4 плиточек 10*10см.
Изучив технику сможете применить в декоре кухонного фартука, рамы для зеркала, подоконника. Фантазия не имеет границ.

Все материалы включены в стоимость МК.
С вас Фен и хорошее настроение.

Место проведения:
Куйбышева 22/ 5 этаж 
Мастерская @zapolyanskaya.tatyana 
Запись в direct и по телефону:
+375291518796 Татьяна.

Делайте свою жизнь ярче 🎨";1515946891;263;1740942251;False;мквподарок
BdE45asn374;#сновымгодом2017 #поздравляем #подаркинановыйгод #мквподарок #artclaysilver #artclay #silverjewelry #jewelryworkshop #nattajew_silver #nattajew_mk #nattajew_art #nattajew_впродаже;1514100049;20;3301533245;False;мквподарок
BdEwgb3jUtt;"My student work 🌲
Очень лаконичная работа одного из учеников 😊 нравится мне 😉🙃
Новогодние композиции в школе флористики @artlabby 🍭
.
#minsk 
#флористика #артлаб #флористикаминск #обучение #школафлористикиминск #семинар #школафлористики #семинары #flowers #мквподарок #хобби #учёбаминск #flowerlovers #floraldesign #цветы #семинарыминск #подарокнановыйгод #подарокжене #флористминск #цветыминск #новыйгод #учеба #artlab #курсыминск #flowerschool #florist 
#семинарминск #новыйгод #яфлорист";1514095650;124;331258086;False;мквподарок
BdRw_a7BKMJ;В долгие праздничные дни у вас есть возможность провести время не только интересно и в хорошей компании единомышленников, но и полезно, посетив мастер - класс по созданию войлочной юбки. Осталось 2 места. Не пропустите свой шанс.✌🚶🎅;1514532111;102;3099809109;False;мквподарок
BdS_g6aHbEc;"А у меня есть для вас подарок на Новый год! 🎁

Мои мастер-классы в этом году закончились, собачек сваляли оооочень много! 🐕🐕🐕🐕🐕 Но если вдруг вы остались без символа 2018 г., то теперь у вас есть шанс все исправить! 😊

Листайте фотографии и вы увидите пошагово как свалять милого четвероногого друга 🐶. Времени займет совсем немного - часа 2 максимум. Успеете еще и дела доделать, и подарки упаковать, и свежеваляную собачку к елке посадить! 😄

Все очень просто:
1. Берем комочек шерсти и с помощью иголки для валяния формируем овальное тельце. 
2. Из комочка поменьше формируем мордочку.
3. Приваливаем мордочку к тельцу.
4. С помощью иголки делаем бороздки для щек и ротика, оттеняем черной шерстью, приваливаем носик.
5. Из 4-х одинаковых комочков валяем 4 одинаковые лапки в форме сосисок (не забудьте оставить один край незаваляным).
6. Присоединяем лапки к туловищу.
7. Валяем 2 плоских длинных ушка и также (с помощью оставленной пушистой шерстки на одной из сторон ушка) приваливаем их к голове.
8. Аналогично валяем и прикрепляем хвостик.
9. Над мордочкой формируем белой шерстью глазки и делаем иголочкой углубления для зрачков. 
10. Вклеиваем черные полубусинки.
11. Над глазками дополнительной шерстью формируем брови.
12. Шлифуем собачку тонкой иголочкой и любуемся/фотографируем/дарим/сажаем к елке! 😉

Вот так все legko! 😊

А если все же остались вопросы - пишите в комментариях - отвечу!

Удачи! 😙
___________________________

#фотомк #валяемсобачку #дарюмастеркласс #мквподарок #щедраядуша #сухоеваляние #учувалять #этопросто #всеуспеть #legko_handmade";1514573280;70;4461365494;False;мквподарок
BdiFadDnWha;"Мастер классы в подарок учасникам марафона #newyear_online 
#вязаниеспицами
#мквязание
#купитьмастеркласс 
#учувязать
#урокивязания
#мквподарок";1515079689;28;4610597328;False;мквподарок
BdlaLtMj_Q5;"Дорогие мои девчоночки,все кто желает связать аналогичную #шапочкасмысиком по моему МК..
Вы пишите с просьбой помочь вам с описанием..да пожалуйста (!)..найдите в ленте такой же пост ""с розовой шапочкой в анимации"", в комментариях подробное описание,а в галерее фотомк. Проще пройти по Тэгу #marmiya_мк и там полистать,может что ещё себе присмотрите😊 
Так что #добропожаловать !😍
И ещё,приношу искренние извинения конечно,но отправлять МК на ваши электронные адреса смогу только по острой необходимости,ну если вам прям совсем не в мочь найти пост и описание в комментариях. Посмотрите галерею..там около 50 адресов на странице,кто получил и успешно отвязал шапочку,просто Инстаграмм за такую активность баннит слегонца,а мне не очень хочется ""висеть"" в ЧС нашего #иг и ждать помилования.. Поэтому прошу принять и простить😉
_________________________
#бесплатно #описание #бесплатноеобучение #мквподарок";1515191242;29;4260345361;False;мквподарок
Bdm77fABO4C;"11.01(чт) с 15.00 до 18.00
МК "" Со своим предметом""
Стоимость от 40 до 60 BYN

Все что вам нужно:
Притащить к примеру свой старый любимый стул в мою творческую мастерскую. И своими руками, с удовольствием вдохнуть новую жизнь.
На данном МК мы перекрашиваем старые полки, люстры, шкатулки... Вообщем то, что выбрасить рука не поднимается, но обновить нужно 🎨
Краска @dariageiler ложится на любую поверхность( предмет может быть из любого материала) Краски без запаха, не содержат растворителей.
Перекраска - это заразительно) Потом вы начнёте перекрашивать шкафы, столы и комоды!

Место проведения:
Куйбышева 22/ 5 этаж.
Запись в direct и по телефону:
+375291518796 Татьяна

Возьмите пожалуйста Фен и хорошее настроение 😊 
Фото : 
Работа @iryna_beresneva
С МК "" Со своим предметом""
#мк_заполянской_сосвоимпредметом

Делайте свою жизнь ярче 🎨
#мк_заполянскойянварь";1515242489;185;1740942251;False;мквподарок
BdpZH-GBb7d;"Весна не за горами, а значит пора вязать кардиганы! Объявляю розыгрыш МК по бежевому кардигану из толстой пряжи. Бесплатно получит мк один из участников , которых я определю с помощью генератора чисел. Второй получит МК Синего кардигана. Условия таковы:
1) Подпишитесь на меня и поставьте лайк под фото☺
2)Сделайте репост или разметите это фото у себя в ленте. Подпишите ""МК от @shilkopraydka""
3) в комментариях под эти постом напишите свой порядковый номер и отметьте подругу@
Розыгрыш проведу в субботу 13 числа)
#розыгрышмк #кардиган #розыгрышкардигана #мк #вязаниспицами #кардиганспицами #вязание #подарок #розыгрышподарка #схема #описание #толстаяпряжа #пряжа #купитьмк #купитьописание #вязаныйкардиган #мквподарок #рождество #подарокврождество #esha";1515324905;90;763528344;False;мквподарок
Be2acfXhqi1;"На МК мы же не только красим)
Мы общаемся. И вот одна из тем обсуждений.
Вы говорите :
- Я увлекаюсь много чем и не могу определиться.

Я думаю, что это хорошо. Когда вы ищите себя. Не попробовав - не найдешь. Ходите на различные обучающие курсы, обучайтесь онлайн.
Воспользуйтесь декретным отпуском - хорошее время для нахождения любимого дела.
Не бросайтесь в крайности:
не стоит увольняется с работы, которая вам приносит доход, чтоб искать себя в чём-то новом. Совмещайте. Это даст вам возможность заработать и обучаться.
И поверьте мне) это реально!
В любом возрасте познавайте что-то новое. Стоит лишь начать- это станет хорошей привычкой.
А ещё многие из вас боятся показывать свои работы, стесняются. Я тоже стесняюсь)) Об этом будет следующий пост) 
Рамочка #цветутиное #цветгретта

Делайте свою жизнь ярче 🎨";1517909288;134;1740942251;False;мквподарок
Be3PGb2BIao;"Стеснение и страх показать семье, друзьям,а ещё и в различные сети свои работы- это мне знакомо. 
Я и сейчас прибываю в обмороке)
При продаже своих  изделий.
На Мастер-классах оочень волнуюсь, чтоб вам понравилось.
Моё первое появление на Маркетах с лодками - оочень страшно было!
При этом я имею хороший опыт работ продаж не своих изделий) Продавать итальянскую одежду и обувь за 500 $- 1000 $ страха нет.
Я для себя решила:
Всегда будут те, кому нравятся мои работы, кто покупает их, приходит ко мне на МК. 
И те, кому сосем не нравится то, что я делаю. 
Это нормально.
Признаюсь, что каждый раз при создании своих изделий, я вижу над чем нужно  поработать в следующий раз больше. Как добиться более естественного состаривания предмета.
Но всё же я продаю и показываю. И чем больше крашу, тем увереннее в себе.
А как приятно, когда покупают мои изделия, приходят на МК, заказывают перекрасить мебель!
Но если бы я не боролась со своими страхами! Ничего бы не было!
И вы бы меня не знали...и я многих из вас не знала бы... 🙈 
Ой!!!
Буду, буду красить, проводить Мастер-классы, покорять новые горизонты) Волнуюсь, боюсь, но всё же вперёд!

Ух) Понаписывала 🙈 Но если кому-то это поможет сделать один шаг, а потом и второй, если чуть вдохновит на действия! Я буду счастлива 😊

Делайте свою жизнь ярче 🎨";1517936895;284;1740942251;False;мквподарок
Be77V90hCxy;"Обещала  показать вам свои подарочные сертификаты на посещение мастер-класса. Вот они💪. Конвертики из крафтовой бумаги ручной работы, очень приятно держать в руках. Ну ,а внутри, сам сертификат. Я его обязательно подпишу именно для вас! .
Впереди праздники и вы смело можете порадовать своих любимых таким подарком! А они,в свою очередь будут радовать вас вкусняшками,приготовленными своими руками! .
Мне кажется,прекрасное вложение😂😘
.
 К слову,подобные сертификаты можно приобрести и на другие услуги моей кондитерской!";1518094309;68;2696647404;False;мквподарок
Be9MHZNHVXk;"Подробности на @knitly_fm

#бесплатныймк #мквподарок #мкшапочка #мкшапочкабини #вяжускнитлифм #бесплатноеобучение #учусьвязать #научитьсявязать #мастеркласс #бини 
#каквязатьбини #каквязмтьшапки #научитьсявязатьшапки #красиваяшапка #шапкабини #шапкаспицами #вязанаяшапка #женскаяшапка";1518136657;26;2109731865;False;мквподарок
Be_UuGqjgzz;"#formen_marmiya

У вас готов подарок на 23 февраля для своих мужчин?..носочки вяжем наверно?.. А шапочку хотите?☺
В моем МК есть подробное описание..бесшовное доступное. Листайте профиль или посмотрите в тэге #marmiya_мк под таким же фото. И приятного вам времяпрепровождения с любимыми спицами💕
#вяжемания #учувязать #бесплатноеобучение #мквподарок #мк #вяжеммужчинам #вподарок";1518208277;39;4260345361;False;мквподарок
Bev6xMkFLLy;"Подробности на @knitly_fm""
⠀
#бесплатныймк #мквподарок #мкшапочка #мкшапочкабини #вяжускнитлифм #бесплатноеобучение #учусьвязать #научитьсявязать #мастеркласс #бини 
#каквязатьбини #каквязмтьшапки #научитьсявязатьшапки ”";1517691354;51;4371725128;False;мквподарок
Bev_ItplP5y;"⠀
""Подробности на @knitly_fm""
⠀
⠀
 #бесплатныймк #мквподарок #мкшапочка #мкшапочкабини #вяжускнитлифм #бесплатноеобучение #учусьвязать #научитьсявязать #мастеркласс #бини  #каквязатьбини #каквязмтьшапки #научитьсявязатьшапки";1517693644;25;3410603195;False;мквподарок
BevqyB1Baez;"@knitly_fm “ Друзья!
💕💕💕
В преддверии весны мы дарим мастер-класс по вязанию шапочки бини спицами. Для получения этого МК вам всего лишь нужно:
⠀
✅Подписаться на странички:
@knitly_fm,
@inna_menkina,
@pr.handmade,
чтобы не потерять нас￼ ⠀
✅Сделать репост фото этой шапочки, с обязательным указанием в тексте: ""Подробности на @knitly_fm""
⠀
✅Написать под этим постом ""Готово"".)
⠀
✅В Директ прислать кодовую фразу: ""Нежное бинни"".￼
⠀
Мк предоставляется, только при соблюдении всех 4 пунктов☝️и после проверки условий🤗
⠀
#бесплатныймк #мквподарок #мкшапочка #мкшапочкабини #вяжускнитлифм #бесплатноеобучение #учусьвязать #научитьсявязать #мастеркласс #бини 
#каквязатьбини #каквязмтьшапки #научитьсявязатьшапки ”";1517682972;13;1736438815;False;мквподарок
BfIPBgAllmm;"Чувствуете как пригревает солнышко? Да-да,  уже в воздухе пахнет весной, природа пробуждается.  Самое время создавать, экспериментировать, учиться!!! 💟✂🎀
Мастерская ""JK toys"" набирает группы на однодневные мастер-классы по пошиву текстильных куколок. МК рассчитаны на тех кто имеет опыт создания кукол, и на тех, кто крайний раз держал иглу в руках еще на школьных уроках труда.🙌 Все материалы и оборудование предоставляются. Ближайший МК пройдет 10 марта Количество мест ограничено.  Продолжительность МК: 5-6 часов. 
Стоимость: 5000р
Дата: 10 марта 2018г
Время: 10:00-16:00 🏠Локация: свободное пространство ""Воздух"" @vozdux_penza ул. Ставского 4 к.1. Запись на МК по 50% предоплате (2500р). По вопросам записи на мк, а так же все подробности-в директ или сюда: viber/whatsApp +79023538702
#мкпенза#мкпосозданиюкуклы#мк#мастеркласспенза#МК#мк#подарокнадр#текстильнаякуклапенза#ручнаяработа#кукларучнойработы#мквподарок#мастеркласспенза#мккуклапенза#куклапенза#кукласвоимируками#";1518507280;126;1945016990;False;мквподарок
BfQWNAbg3Lo;"Друзья!
💕💕💕
В преддверии весны мы дарим мастер-класс по вязанию шапочки бини спицами. Для получения этого МК вам всего лишь нужно:
⠀
✅Подписаться на странички:
@knitly_fm,
@inna_menkina,
@pr.handmade,
чтобы не потерять нас ⠀
✅Сделать репост фото этой шапочки, с обязательным указанием в тексте: ""Подробности на @knitly_fm""
⠀
✅Написать под этим постом ""Готово"".)
⠀
✅В Директ прислать кодовую фразу: ""Нежное бини"".
⠀
Мк предоставляется, только при соблюдении всех 4 пунктов☝️и после проверки условий🤗
⠀
#бесплатныймк #мквподарок #мкшапочка #мкшапочкабини #вяжускнитлифм #бесплатноеобучение #учусьвязать #научитьсявязать #мастеркласс #бини 
#каквязатьбини #каквязмтьшапки #научитьсявязатьшапки #красиваяшапка #шапкабини #шапкаспицами #вязанаяшапка #женскаяшапка";1518779480;171;3428463365;False;мквподарок
BflCx5Dh8jP;"В преддверии праздника 8 марта очень актуальный мастер-класс «Кухонный набор: прихватка и подставка под горячее».
25 февраля в 12:00 по адресу: ТК ПЛАТФОРМА, ул. Одоевского, 27а, 4 этаж. 
Уровень подготовки не важен, МК рассчитан для начинающих! Освоим три #элементавязания, вязание круга, а также скользящую петлю #амигуруми. В подарок от мастера - схема и описание к ней!
Всем участникам мастер-класса скидка 10% на ассортимент магазина!
Необходимо: - моток т-пряжи
- Крючок #9
- Отсутствие страха и огромное желание вязать!
Запись по телефону +7 929110 8076 #мкспб#мквязание#8марта#идеиподарков#подарокмаме#подарокжене#мквподарок#мастерклассспб#спбмастеркласс#мастерклассповязанию";1519473939;21;6419037516;False;мквподарок
Bfq_cClB15g;"Девочки! У меня отличная новость! 🌷В преддверии нашего с Вами весеннего праздника я решила подготовить ПОДАРОЧНЫЕ СЕРТИФИКАТЫ на мастер-классы и обучение в Мастерской цветочных дел 🌷 🌷 Сертификат можно приобрести для себя любимой 😉 или подарить на 8 марта подруге, сестре, маме или коллеге. Тему занятия (или занятий) они смогут выбрать сами при записи на занятие 
И теперь подарочек от меня 🤗
🎁 До 8 марта включительно сертификаты будут продаваться с 10%. Т.е. сертификат на 1 занятие будет стоить 1350 руб, на 2 занятия - 2700, на 3 занятия - 4050 руб, на 5 занятий - 6750 руб. и т.д. 🌸 На занятиях все материалы и инструменты предоставляются 🌸 Срок действия сертификата не ограничен 🌸 Все интересующие вас вопросы Вы можете задать по ☎ 8-925-827-96-37, а также в личном сообщении »> https://vk.cc/7Lftcs 
Буду рада, если Вам понравилось мое предложение ))) Желаю всем теплого весеннего настроения, ласкового солнышка, любви и, конечно же моря цветов! 😉 До встречи на занятиях!";1519673514;43;3255543184;False;мквподарок
BfyaSbtBZUy;"У вас тоже так? Увидев эту красоту вдох такой короткий быстрый в меру глубокий и выдох неспешный... Словно замерло сердце. Они дополняют, да просто созданы друг для друга!
Торт @opashinskaya
Тортовница @zapolyanskaya.tatyana

Создайте пару для своих десертов 🍰
Приходите 4 Марта в 15.00 в мою творческую мастерскую на
МК ""Тортовница""
Вы изучите техники состаривания предметов интерьера. Поработаете с красками Дарьи Гейлер @dariageiler
У вас несомненно всё получится.
Даже если вы никогда не держали кисть в руке. 3 часа творческой релаксации обещаю 🎨😉
Стоимость Мастер-класса 65 BYN
Все материалы предоставляются.
С вас хорошее настроение и Фен!

Место проведения:
Куйбышева 22
Записывайтесь в direct и по телефону:
+375291518796 Татьяна";1519922472;307;1740942251;False;мквподарок
Bg6f9Gjlx9B;"Готовится к Пасхе. Мастер класс в воскресной школе в Солнцево. Душевно и радостно на душе. Так все хорошо прошло. Дети чудесные, добрые и талантливые...
Слава Богу за всё.
.
 #пряники #праздничныйстол #пряниквподарок #мкпоросписипряников #сладостисолнцево
 #мкдлядетей #мастеркласс #мквподарок #мкпоросписипряниковвподарок #воскреснаяшкола
 #православие #пасха #развитиедетей #дети #семья
 #творчество #развитие #самореализация #пенсия #солнцево
 #пасха #внуки #люблюготовить #деткинакухне #творчество
 #пасхальныйдизайн #украшениестола
 #матушкаонлайн @matyshkaonline
#яркаяПасха2018";1522341362;28;2304820084;False;мквподарок
Bg6gE1QFO3V;"Готовится к Пасхе. Мастер класс в воскресной школе в Солнцево. Душевно и радостно на душе. Так все хорошо прошло. Дети чудесные, добрые и талантливые...
Слава Богу за всё.
.
 #пряники #праздничныйстол #пряниквподарок #мкпоросписипряников #сладостисолнцево
 #мкдлядетей #мастеркласс #мквподарок #мкпоросписипряниковвподарок #воскреснаяшкола
 #православие #пасха #развитиедетей #дети #семья
 #творчество #развитие #самореализация #пенсия #солнцево
 #пасха #внуки #люблюготовить #деткинакухне #творчество
 #пасхальныйдизайн #украшениестола";1522341425;35;2304820084;False;мквподарок
Bg6gLBnFxQ0;"Готовится к Пасхе. Мастер класс в воскресной школе в Солнцево. Душевно и радостно на душе. Так все хорошо прошло. Дети чудесные, добрые и талантливые...
Слава Богу за всё.
.
 #пряники #праздничныйстол #пряниквподарок #мкпоросписипряников #сладостисолнцево
 #мкдлядетей #мастеркласс #мквподарок #мкпоросписипряниковвподарок #воскреснаяшкола
 #православие #пасха #развитиедетей #дети #семья
 #творчество #развитие #самореализация #пенсия #солнцево
 #пасха #внуки #люблюготовить #деткинакухне #творчество
 #пасхальныйдизайн #украшениестола";1522341476;22;2304820084;False;мквподарок
Bg6gRmWlCuS;"Готовимся к Пасхе. Мастер класс в воскресной школе в Солнцево. Душевно и радостно на душе. Так все хорошо прошло. Дети чудесные, добрые и талантливые...
Слава Богу за всё.
.
 #пряники #праздничныйстол #пряниквподарок #мкпоросписипряников #сладостисолнцево
 #мкдлядетей #мастеркласс #мквподарок #мкпоросписипряниковвподарок #воскреснаяшкола
 #православие #пасха #развитиедетей #дети #семья
 #творчество #развитие #самореализация #пенсия #солнцево
 #пасха #внуки #люблюготовить #деткинакухне #творчество
 #пасхальныйдизайн #украшениестола
#яркаяПасха2018";1522341530;31;2304820084;False;мквподарок
Bg6gWLjFlnm;"Готовится к Пасхе. Мастер класс в воскресной школе в Солнцево. Душевно и радостно на душе. Так все хорошо прошло. Дети чудесные, добрые и талантливые...
Слава Богу за всё.
.
 #пряники #праздничныйстол #пряниквподарок #мкпоросписипряников #сладостисолнцево
 #мкдлядетей #мастеркласс #мквподарок #мкпоросписипряниковвподарок #воскреснаяшкола
 #православие #пасха #развитиедетей #дети #семья
 #творчество #развитие #самореализация #пенсия #солнцево
 #пасха #внуки #люблюготовить #деткинакухне #творчество
 #пасхальныйдизайн #украшениестола";1522341567;23;2304820084;False;мквподарок
Bg6hXA9lGKH;"Готовимся к Пасхе. Боаготворителтный мастер  класс провела ы очередной раз в воскресной школе в Солнцево. Душевно и радостно на душе. Так все хорошо прошло. Дети чудесные, добрые и талантливые...
Слава Богу за всё.
.
Вырученные средства идут на реабилитацию Магдалены дцп.
.
 #пряники #праздничныйстол #пряниквподарок #мкпоросписипряников #сладостисолнцево
 #мкдлядетей #мастеркласс #мквподарок #мкпоросписипряниковвподарок #воскреснаяшкола
 #православие #пасха #развитиедетей #дети #семья
 #творчество #развитие #самореализация #пенсия #солнцево
 #пасха #внуки #люблюготовить #деткинакухне #творчество
 #пасхальныйдизайн #украшениестола
#пасха  #семейныетрациции #благотворительность #дети #семья
 #славабогузавсё  #солнцево
 #матушкаонлайн 
#дцпнеприговор";1522342099;35;2304820084;False;мквподарок
BgQirXPHxLm;"Девчата, помнится, я вам обещала конкурс... Хотите? 😏
Давайте дружно 💓 покажем, делать ли мне весеннюю брошку-пташку в подарок!? 😏 🕊️ а в апреле хочу разыграть место на свой МК! 😘
______________________________
#мккрасноярск #мастеркласс #мквышивка #вышивкаброши #конкурс #подарки #лилия #геральдическаялилия #брошьлилия #брошьвподарок #мквподарок #даримподарки";1520933503;156;336320143;False;мквподарок
Bge2mkxANE5;"Создаём семейные традиции
Сегодня я провела мк с удивительными родителями и детками... Хочется ещё учить и вдохновлять семьи на совместное со творчество. Это так здорово
 #пряники #праздничныйстол #пряниквподарок #мкпоросписипряников #сладостисолнцево
 #мкдлядетей #мастеркласс #мквподарок #мкпоросписипряниковвподарок #воскреснаяшкола
 #православие #пасха #развитиедетей #дети #семья
 #творчество #развитие #самореализация #пенсия #занятиенапенсии
 #пенсионеры #внуки #люблюготовить #деткинакухне #творчество
 #пасхальныйдизайн #украшениестола";1521413712;21;2304820084;False;мквподарок
Bge2vaaASvr;"#пряники #праздничныйстол #пряниквподарок #мкпоросписипряников #сладостисолнцево
 #мкдлядетей #мастеркласс #мквподарок #мкпоросписипряниковвподарок #воскреснаяшкола
 #православие #пасха #развитиедетей #дети #семья
 #творчество #развитие #самореализация #пенсия #занятиенапенсии
 #пенсионеры #внуки #люблюготовить #деткинакухне #творчество
 #пасхальныйдизайн #украшениестола";1521413784;21;2304820084;False;мквподарок
BgiR3WgAZe5;"Провела мастер класс в воскресной школе. Дети заряжают добром и позитивном и птички такие все яркие
Это так здорово
 #пряники #праздничныйстол #пряниквподарок #мкпоросписипряников #сладостисолнцево
 #мкдлядетей #мастеркласс #мквподарок #мкпоросписипряниковвподарок #воскреснаяшкола
 #православие #пасха #развитиедетей #дети #семья
 #творчество #развитие #самореализация #пенсия #занятиенапенсии
 #пенсионеры #внуки #люблюготовить #деткинакухне #творчество
 #пасхальныйдизайн #украшениестола";1521528668;29;2304820084;False;мквподарок
BgiSBL8g-ZE;"Вот такие у нас юные художницы
Это так здорово
 #пряники #праздничныйстол #пряниквподарок #мкпоросписипряников #сладостисолнцево
 #мкдлядетей #мастеркласс #мквподарок #мкпоросписипряниковвподарок #воскреснаяшкола
 #православие #пасха #развитиедетей #дети #семья
 #творчество #развитие #самореализация #пенсия #занятиенапенсии
 #пенсионеры #внуки #люблюготовить #деткинакухне #творчество
 #пасхальныйдизайн #украшениестола";1521528749;29;2304820084;False;мквподарок
BgiSEhCAYM9;"Мастер класс по росписи ярких, весенних птичек в воскресной школе при Храме о. Сергия Радонежского в Солнцево
Детки это чудо Божие
Это так здорово
Жду с нетерпением очередной мк. Мне нравится преподавать... Дети очень талантливые. Порою предлагают невероятные решения творческих задач.. Мои дочки в свои три года уже пряники пекут.  #пряники #праздничныйстол #пряниквподарок #мкпоросписипряников #сладостисолнцево
 #мкдлядетей #мастеркласс #мквподарок #мкпоросписипряниковвподарок #воскреснаяшкола
 #православие #пасха #развитиедетей #дети #семья
 #творчество #развитие #самореализация #пенсия #занятиенапенсии
 #пенсионеры #внуки #люблюготовить #деткинакухне #творчество
 #пасхальныйдизайн #украшениестола
#яркаяПасха2018";1521528776;27;2304820084;False;мквподарок
Bgijkynl-E1;"А вот какие зайки получились у ребят на Мастер-классе. Первый решил примерить штанишки испробовав максимально палитру @dariageiler Листайте карусель. Там парочка семейной парочки ещё имеется) 
Даже не скажешь, что зайки были из гипса. Ребята сразу наносили краску на зайчиков, без предварительной грунтовки. Легла безупречно.
При выборе кисти помните:
Мягкая синтетика, коза оставляет минимум следов.
Натуральная - максимум. 
Зайка в штанах финиш  #восккокос
А сладкая парочка  #воскмед 
Приходите в мою творческую мастерскую@zapolyanskaya.tatyana 
Вы оцените краски Дарьи Гейлер, освоите различные техники состаривания предметов интерьера. И Ваше изделие будет украшать ваш дом, а вы будете гордиться собой!

Место проведения Куйбышева 22.
Полное расписание ближайших МК @art.zapolyanskaya 
Записывайтесь в direct и по телефону: +375291518796 Татьяна 
Делайте свою жизнь ярче 🎨";1521537954;176;1740942251;False;мквподарок
BgixBPcl_Bv;"Мне очень приятно, когда вещицы  которые вы декорируете на мастер-классах обживаются в ваших домах.
Кофе в постель девочки @natali057086 и @nadezhdageiko обеспечили своим родным и себе ☕
Подносы в #цветутиноеяйцо
Палитра @dariageiler

А вы балуете своих домашних  завтраком в постель?

Задала вопрос про баловство и  вспомнилось...
Я была разбалована в детстве ещё бабулечкой моей любимой. Я как и другие её внуки приезжали на лето в гости. И вот нагуляешься, придёшь домой ночью... А утром, нежный голос и тёплые руки будили и завтрак ароматный в постель. И спишь себе дальше)
Мы взрослеем, и родные уходят.
Но они всегда живут в наших сердцах. Поэтому что любили нас очень. И эта любовь живёт, пока живём мы 💗💖";1521545002;231;1740942251;False;мквподарок
BgntvachVnA;"Мужской маникюр
Мастер-класс
маникюродесса #мужскойманикюр #мквподарок #стендап #улыбнись #веселопожизни #онзнает #смотризасобой #учисьулучших";1521711330;29;3313915517;True;мквподарок
BgomcMjF1bU;"Готовится к Пасхе. Мастер класс в воскресной школе
 #пряники #праздничныйстол #пряниквподарок #мкпоросписипряников #сладостисолнцево
 #мкдлядетей #мастеркласс #мквподарок #мкпоросписипряниковвподарок #воскреснаяшкола
 #православие #пасха #развитиедетей #дети #семья
 #творчество #развитие #самореализация #пенсия #занятиенапенсии
 #пенсионеры #внуки #люблюготовить #деткинакухне #творчество
 #пасхальныйдизайн #украшениестола";1521740783;24;2304820084;False;мквподарок
BgomhIIlOlo;"#пряники #праздничныйстол #пряниквподарок #мкпоросписипряников #сладостисолнцево
 #мкдлядетей #мастеркласс #мквподарок #мкпоросписипряниковвподарок #воскреснаяшкола
 #православие #пасха #развитиедетей #дети #семья
 #творчество #развитие #самореализация #пенсия #занятиенапенсии
 #пенсионеры #внуки #люблюготовить #деткинакухне #творчество
 #пасхальныйдизайн #украшениестола";1521740823;33;2304820084;False;мквподарок
BgomoIGlMiS;"Готовится к Пасхе. Мастер класс в воскресной школе
 #пряники #праздничныйстол #пряниквподарок #мкпоросписипряников #сладостисолнцево
 #мкдлядетей #мастеркласс #мквподарок #мкпоросписипряниковвподарок #воскреснаяшкола
 #православие #пасха #развитиедетей #дети #семья
 #творчество #развитие #самореализация #пенсия #занятиенапенсии
 #пенсионеры #внуки #люблюготовить #деткинакухне #творчество
 #пасхальныйдизайн #украшениестола
#яркаяПасха2018";1521740880;32;2304820084;False;мквподарок
BgqHia5lKbH;"Друзья, завтра 24 марта в 19:00  и 25 марта в 12:00 я провожу  благотворительный мастер класс
по росписи пряников «Создаём семейные традиции» в уютном семейном кафе Sweet Home Cafe на Ленинском.
.
Вырученные средства идут на реабилитацию Магдалены дцп.
Записывайтесь, пишите в директ..
.
Я приглашаю вас присоединиться к нам и научиться делать сладкие сувениры своими руками. Вы всегда сможете удивить близких своим творчеством и уникальным подарком, кропотливо сделанным от всей души и с любовью. Пряничное искусство это поистине самовыражение души и палитры своих чувств к близким людям… Создавайте семейные традиции, расписывайте пряники дома всей семьёй на светлые Праздники, ведь это увлекательное занятие для всех поколений, которое очень сближает и дарит радость.
.
 #пряники #праздничныйстол #пряниквподарок #мкпоросписипряников #сладостисолнцево
 #мкдлядетей #мастеркласс #мквподарок #мкпоросписипряниковвподарок #воскреснаяшкола
 #православие #пасха #развитиедетей #дети #семья
 #творчество #развитие #самореализация #пенсия #занятиенапенсии
 #пенсионеры #внуки #люблюготовить #деткинакухне #творчество
 #пасхальныйдизайн #украшениестола";1521791690;39;2304820084;False;мквподарок
BgqZH-NhW8g;"💜Теперь у нас есть подарочные сертификаты!
💜Вы можете сделать подарок свом близким людям,а мы вам в этом поможем!
💜По вопросам приобретения в direct🤗#ательемариныворониной #сертификат#подарок#пошиввподарок#мквподарок#росписьвподарок";1521800910;52;1552949320;False;мквподарок
BgrZiXiFQ5O;"С чего начинается Родина? 
С церквушки над тихой рекой, 
Со Спасова древнего образа, 
С Горящей свечи восковой. 
А может, она начинается 
С молитвы прабабки моей, 
С нательного детского крестика, 
С Причастья у Царских Дверей... С чего начинается Родина? 
С часовни у Красных Ворот, 
С Заступницы Матушки Иверской, 
К которой стремится народ. 
С чего же она начинается? 
С признания в детских грехах; 
Отчизна моя отражается 
В священника добрых глазах. 
С чего начинается Родина? 
С церквушки над тихой рекой, 
Со Спасова древнего образа, 
С Горящей свечи восковой. 
А где же она завершается? 
В бездонной небес синеве, 
Где время и вечность сливаются 
В молитве о Русской Земле. .
Протоиерей Артемий Владимиров
.
 #пряники #праздничныйстол #пряниквподарок #мкпоросписипряников #сладостисолнцево
 #мкдлядетей #мастеркласс #мквподарок #мкпоросписипряниковвподарок #воскреснаяшкола
 #православие #пасха #развитиедетей #дети #семья
 #творчество #развитие #самореализация #скоропасха #занятиенапенсии
 #пенсионеры #внуки #люблюготовить #деткинакухне #творчество
 #пасхальныйдизайн #украшениестола";1521834681;25;2304820084;False;мквподарок
Bgs4m-XDVfp;"#forkids_marmiya
И снова #здравствуйте !
И снова #шапочкасмысиком !
И снова #спасибо Вам всем,что интересуетесь моей моделькой, спрашиваете тонкости и учитесь ""волшебству спиц""👌 Всех,кого интересует #мквподарок , пожалуйста, посмотрите
 тэг ⚠ #marmiya_мк ⚠
Там под такой же розовой шапочкой есть бесплатный пошаговый МК .
Если не нашли,напишите в директ,я вам ссылку отправлю. ⛔На эл.адреса рассылки больше не делаю из-за проблем со спамом( переживали,знаем уже) 🛐Пишите в директ- всем отвечу☺ ⚠ПыСы : отмечайте меня на своих работах по моим описаниям #вяжем_с_marmiya .. вам не сложно,мне приятно- да и вдруг ВАМ повезет в конкурсе работ по моим описаниям😊
#marmiя_товарыиуслуги";1521884526;76;4260345361;False;мквподарок
Bgs6v92FyzO;"Готовлюсь к мастер классу
 #пряники #праздничныйстол #пряниквподарок #мкпоросписипряников #сладостисолнцево
 #мкдлядетей #мастеркласс #мквподарок #мкпоросписипряниковвподарок #воскреснаяшкола
 #православие #пасха #развитиедетей #дети #семья
 #творчество #развитие #самореализация #пенсия #занятиенапенсии
 #пенсионеры #внуки #люблюготовить #деткинакухне #творчество
 #пасхальныйдизайн #украшениестола";1521885648;30;2304820084;False;мквподарок
BgwI08DFA9t;"24  и 25 марта я провела мастер-класс по росписи Пряников в семейном кафе на Ленинском Sweet Home Cafe. Всем рекомендую посетить это кафе. Там очень уютная обстановка, радостная Атмосфера, вкусно как дома и весело на детской площадке. Дети счастливы, родители отдохнули, папы наелись, ну и мамы не спешат домой... Лучшее место для семейных мероприятий.
А ещё там получаются очень красивые семейные фотографии в семейный альбом на память на всю жизнь...
.
 #пряники #праздничныйстол #пряниквподарок #мкпоросписипряников #сладостисолнцево
 #мкдлядетей #мастеркласс #мквподарок #мкпоросписипряниковвподарок #воскреснаяшкола
 #православие #пасха #развитиедетей #дети #семья
 #творчество #развитие #самореализация #пенсия #занятиенапенсии
 #пенсионеры #внуки #люблюготовить #деткинакухне #творчество
 #пасхальныйдизайн #украшениестола";1521993705;22;2304820084;True;мквподарок
BgwI3j3FdJN;"Дочки, уставшие играть, но не желающие уходить...
.
24  и 25 марта я провела мастер-класс по росписи Пряников в семейном кафе на Ленинском Sweet Home Cafe. Всем рекомендую посетить это кафе. Там очень уютная обстановка, радостная Атмосфера, вкусно как дома и весело на детской площадке. Дети счастливы, родители отдохнули, папы наелись, ну и мамы не спешат домой... Лучшее место для семейных мероприятий.
А ещё там получаются очень красивые семейные фотографии в семейный альбом на память на всю жизнь...
.
 #пряники #праздничныйстол #пряниквподарок #мкпоросписипряников #сладостисолнцево
 #мкдлядетей #мастеркласс #мквподарок #мкпоросписипряниковвподарок #воскреснаяшкола
 #православие #пасха #развитиедетей #дети #семья
 #творчество #развитие #самореализация #пенсия #занятиенапенсии
 #пенсионеры #внуки #люблюготовить #деткинакухне #творчество
 #пасхальныйдизайн #украшениестола";1521993714;49;2304820084;False;мквподарок
BgwI4g4l-Dn;"24  и 25 марта я провела мастер-класс по росписи Пряников в семейном кафе на Ленинском Sweet Home Cafe. Всем рекомендую посетить это кафе. Там очень уютная обстановка, радостная Атмосфера, вкусно как дома и весело на детской площадке. Дети счастливы, родители отдохнули, папы наелись, ну и мамы не спешат домой... Лучшее место для семейных мероприятий.
А ещё там получаются очень красивые семейные фотографии в семейный альбом на память на всю жизнь...
.
 #пряники #праздничныйстол #пряниквподарок #мкпоросписипряников #сладостисолнцево
 #мкдлядетей #мастеркласс #мквподарок #мкпоросписипряниковвподарок #воскреснаяшкола
 #православие #пасха #развитиедетей #дети #семья
 #творчество #развитие #самореализация #пенсия #занятиенапенсии
 #пенсионеры #внуки #люблюготовить #деткинакухне #творчество
 #пасхальныйдизайн #украшениестола";1521993721;27;2304820084;False;мквподарок
BgwI6DYl6w_;"24  и 25 марта я провела мастер-класс по росписи Пряников в семейном кафе на Ленинском Sweet Home Cafe. Всем рекомендую посетить это кафе. Там очень уютная обстановка, радостная Атмосфера, вкусно как дома и весело на детской площадке. Дети счастливы, родители отдохнули, папы наелись, ну и мамы не спешат домой...
А ещё там получаются очень красивые семейные фотографии в семейный альбом на память на всю жизнь...
.
 Лучшее место для семейных мероприятий.
 #пряники #праздничныйстол #пряниквподарок #мкпоросписипряников #сладостисолнцево
 #мкдлядетей #мастеркласс #мквподарок #мкпоросписипряниковвподарок #воскреснаяшкола
 #православие #пасха #развитиедетей #дети #семья
 #творчество #развитие #самореализация #пенсия #занятиенапенсии
 #пенсионеры #внуки #люблюготовить #деткинакухне #творчество
 #пасхальныйдизайн #украшениестола";1521993734;29;2304820084;False;мквподарок
BgwIjBrlTJ4;"24  и 25 марта я провела пасхальный мастер-класс по росписи Пряников в семейном кафе на Ленинском Sweet Home Cafe. Всем рекомендую посетить это кафе. Там очень уютная обстановка, радостная Атмосфера, вкусно как дома и весело на детской площадке. Дети счастливы, родители отдохнули, папы наелись, ну и мамы не спешат домой... Лучшее место для семейных мероприятий.
А ещё там получаются очень красивые семейные фотографии в семейный альбом на память на всю жизнь...
.
 #пряники #праздничныйстол #пряниквподарок #мкпоросписипряников #сладостисолнцево
 #мкдлядетей #мастеркласс #мквподарок #мкпоросписипряниковвподарок #воскреснаяшкола
 #православие #пасха #развитиедетей #дети #семья
 #творчество #развитие #самореализация #пенсия #занятиенапенсии
 #пенсионеры #внуки #люблюготовить #деткинакухне #творчество
 #пасхальныйдизайн #украшениестола
#яркаяПасха2018";1521993545;27;2304820084;False;мквподарок
BgwIsAcFgO6;"24  и 25 марта я провела мастер-класс по росписи Пряников в семейном кафе на Ленинском Sweet Home Cafe. Всем рекомендую посетить это кафе. Там очень уютная обстановка, радостная Атмосфера, вкусно как дома и весело на детской площадке. Дети счастливы, родители отдохнули, папы наелись, ну и мамы не спешат домой... Лучшее место для семейных мероприятий.
А ещё там получаются очень красивые семейные фотографии в семейный альбом на память на всю жизнь...
.
 #пряники #праздничныйстол #пряниквподарок #мкпоросписипряников #сладостисолнцево
 #мкдлядетей #мастеркласс #мквподарок #мкпоросписипряниковвподарок #воскреснаяшкола
 #православие #пасха #развитиедетей #дети #семья
 #творчество #развитие #самореализация #пенсия #занятиенапенсии
 #пенсионеры #внуки #люблюготовить #деткинакухне #творчество
 #пасхальныйдизайн #украшениестола";1521993619;24;2304820084;False;мквподарок
BgwIxtUFzV-;"24  и 25 марта я провела мастер-класс по росписи Пряников в семейном кафе на Ленинском Sweet Home Cafe. Всем рекомендую посетить это кафе. Там очень уютная обстановка, радостная Атмосфера, вкусно как дома и весело на детской площадке. Дети счастливы, родители отдохнули, папы наелись, ну и мамы не спешат домой... Лучшее место для семейных мероприятий.
А ещё там получаются очень красивые семейные фотографии в семейный альбом на память на всю жизнь...
.
 #пряники #праздничныйстол #пряниквподарок #мкпоросписипряников #сладостисолнцево
 #мкдлядетей #мастеркласс #мквподарок #мкпоросписипряниковвподарок #воскреснаяшкола
 #православие #пасха #развитиедетей #дети #семья
 #творчество #развитие #самореализация #пенсия #занятиенапенсии
 #пенсионеры #внуки #люблюготовить #деткинакухне #творчество
 #пасхальныйдизайн #украшениестола";1521993666;22;2304820084;False;мквподарок
BgzH-30l48_;"Мк в воскресной школе
.
.
 #пряники #праздничныйстол #пряниквподарок #мкпоросписипряников #сладостисолнцево
 #мкдлядетей #мастеркласс #мквподарок #мкпоросписипряниковвподарок #воскреснаяшкола
 #православие #пасха #развитиедетей #дети #семья
 #творчество #развитие #самореализация #пенсия #занятиенапенсии
 #пенсионеры #внуки #люблюготовить #деткинакухне #творчество
 #пасхальныйдизайн #украшениестола";1522093913;17;2304820084;False;мквподарок
BgzItAel2zw;"Мастер класс по росписи пряников в воскресной школе
Храм в Солнцево
.
.
 #пряники #праздничныйстол #пряниквподарок #мкпоросписипряников #сладостисолнцево
 #мкдлядетей #мастеркласс #мквподарок #мкпоросписипряниковвподарок #воскреснаяшкола
 #православие #пасха #развитиедетей #дети #семья
 #творчество #развитие #самореализация #пенсия #занятиенапенсии
 #пенсионеры #внуки #люблюготовить #деткинакухне #творчество
 #пасхальныйдизайн #украшениестола";1522094290;32;2304820084;False;мквподарок
BhLaX6Plxxq;"Дорогие друзья! В преддверии светлого праздника, в пятницу 6 апреля в 18 часов, приглашаем Вас на мастер-класс ""Пасха в Эбру-красках""! 🐣
✨ В ходе мастер-класса мы познакомимся с волшебной техникой росписи по воде, создадим несколько весенних картинок, одну из которых оформим в рамочку🙌 А ещё, по традиции, распишем деревянное пасхальное яичко, конечно же, используя технику Эбру!

Как всегда встречаемся в нашей солнечной студии, в приятной компании, в душевной и творческой атмосфере!🌈 ☎Запись по телефонам обязательна: 8-951-250-60-20, 8-982-270-20-70. 
Стоимость МК ""Пасха в Эбру-красках"" - 600 рублей,  для детей - 400 руб.

#эбрукопейск #рисунокнаводе #мкэбру #мквподарок #пасха #пасхальныйдекор #пасхальныеяйца";1522908861;14;6000687721;False;мквподарок
BhRY2QAADOV;".
Подарок каждой💥
❗️Акция проходит в аккаунте @5nogotkov❗️🌹Подарим видео мастер-класс по этим розочкам всем кто выполнит простые условия :
🔸подписаться на аккаунт @5nogotkov
🔸поставить Лайк посту о акции
🔸написать в ДИРЕКТ ""Хочу Розы"".";1523109388;81;3060621067;False;мквподарок
BhYidsWnQFE;"Мастер класс прошёл в детском центре Моя планета. Слава Богу за всё!!! #пряники #праздничныйстол #пряниквподарок #мкпоросписипряников #сладостисолнцево
 #мкдлядетей #мастеркласс #мквподарок #мкпоросписипряниковвподарок #воскреснаяшкола
 #православие #пасха #развитиедетей #дети #семья
 #творчество #развитие #самореализация #пенсия #солнцево
 #пасха #деткинакухне #творчество
 #пасхальныйдизайн #украшениестола
#пасха  #семейныетрациции #благотворительность #дети #семья
 #славабогузавсё
 #матушкаонлайн 
#дцпнеприговор
#яркаяПасха2018";1523349310;69;2304820084;False;мквподарок
BiuMgoblqVo;"Дорогие друзья, я давно вам это обещала... 😏
Я решила ПОДАРИТЬ 🎁 МЕСТО НА СВОЙ МАСТЕР-КЛАСС ""ЧЕРЕПАШКА""
Условия:
⚫ Подписаны на два наших аккаунта
@nikaswan_accessories
@nikaswan_official
⚫ Ставим лайк 💓
⚫ Отмечаем в комментарии под этим фото 👇🏼 двух ✌🏼 друзей (не магазины, а настоящих друзей ☝🏼)
⚫ Можно комментариев оставить хоть 1000, только отмеченных друзей не повторяем ☝🏼😏 - это увеличит ваши шансы на победу 🥇 🤗
⚫ Ну а 23 мая в 9.00 по Мск при помощи специальной программы случайным образом мы в прямом эфире выберем победителя! 🤗👏🏼
И мы проверим обязательно соблюдение всех простых условий конкурса 😼
⚫ Ах да, на момент розыгрыша ваша страница должна быть 🔓 открыта
УДАЧИ Вам, мои любимые подписчики! 🤗💓
________________________________________
#МкВподарок #дарюМК #мастерклассвподарок #дарюмастеркласс #мастеркласскрасноярск #мккрасноярск мк #мастеркласс #мкброшь #мастерклассброшь #мквышивка #мкброшькрасноярск #мастерклассброшькрасноярск #мкбесплатно #брошьбесплатно #мастерклассбесплатно";1526223481;132;336320143;False;мквподарок
BjAivUIDNeM;"Яркие лодочки получились у девочек на МК "" Индонезийская лодка"" ⛵
Мне нравится оочень эта техника 🎨 Она сложная. 4 -5 цветов @dariageiler очищенный кварц (смешиваем с краской) Между слоями краски нужно  нанести воск мебельный бесцветный, затем те же цвета но в другом порядке) хорошенько просушить и начинаем обдирашки)
Финишное покрытие #воскмед #восккофе или #восккокос подчеркивает фактуру.

Следующий  МК планируюется в июне. Желающие освоить  технику состаривания в стиле Индонезийской лодки 🎨 пишите в direct выберем вместе дату.

Делайте свою жизнь ярче 🎨";1526839116;172;1740942251;False;мквподарок
BjHR50uhBgp;".
✨ПРИЗ - 7 🎁✨
.
Всем привет! Меня зовут Олеся и мой профиль @aiva_knits создан для вдохновения и креатива, для любителей изделий ручного труда и ценителей вязания и творчества.
Я очень люблю вязать, поэтому не только продаю свои изделия, но и с радостью пишу на них описания, провожу мастер-классы, делюсь советами по вязанию и женственности.
А счастливчик-победитель получит от меня мастер-класс по кардигану Малинки и личное сопровождение в его вязании.
Мастер-класс кардигана Малинки:
▪️уровень: отважный новичок
▪️размеры даны от 40 до 50 ( но связать можно любой, даже детский)
▪️вы научитесь новому узору, как вшивать рукава, делать плечевые швы
▪️формат pdf (удобно смотреть с телефона)
▪️узнаете секреты моего вязания
Дерзайте! И пусть удача настигнет именно вас!
#подаркиотспонсоров #подаркивсем #призыбесплатно #розыгрышбезрепостов #мквподарок #бесплатныймк #мкповязанию #мккардигана #мккарди #мккардиганспицами";1527065170;45;7609459036;False;мквподарок
BjMQmNGh3AX;"Всем привет! Меня зовут Олеся и мой профиль @aiva_knits создан для вдохновения и креатива, для любителей изделий ручного труда и ценителей вязания и творчества.
Я очень люблю вязать, поэтому не только продаю свои изделия, но и с радостью пишу на них описания, провожу мастер-классы, делюсь советами по вязанию и женственности.
А счастливчик-победитель получит от меня мастер-класс по кардигану Малинки и личное сопровождение в его вязании.
Мастер-класс кардигана Малинки:
▪️уровень: отважный новичок
▪️размеры даны от 40 до 50 ( но связать можно любой, даже детский)
▪️вы научитесь новому узору, как вшивать рукава, делать плечевые швы
▪️формат pdf (удобно смотреть с телефона)
▪️узнаете секреты моего вязания
Переходите в профиль @_giveaway.love_  и дерзайте! И пусть удача настигнет именно вас! 
#розыгрышпризов #мквподарок #бесплатныймк #вяжемвместе #выиграймк";1527232257;215;6313058324;False;мквподарок
Bjo62xPDBh0;"Пух норки💣💣💣
🔥Все цвета а наличии
50гр-350метров-325₽
🔥Состав: 90% пух норки, 10% п/а 💥Для заказа  ПИШИ по ССЫЛКЕ в шапке профиля или в ДИРЕКТ⤴️";1528193937;140;7532213512;False;мквподарок
BjyiFzpjJ2C;"💥SALE SALE SALE💥
Добрый добрый день!!!
Поздравляю Всех с праздником!!! Всемирным днем вязания на публике!!!
Желаю всем ровных петелек, творческих успехов, щедрых клиентов, и нескончаемых заказов!!!
И по этому случаю всем #скидка 10% на всё!!!
#люблюточтоделаю #мамывяжут #всемирныйденьвязаниянапублике
💥Для заказа  ПИШИ по ССЫЛКЕ в шапке профиля или в ДИРЕКТ⤴️";1528516497;84;7532213512;False;мквподарок
BjzXrvHgTIA;"Говорят аккаунты с одними украшениями скучны.)) И иногда надо рассказывать о себе. Желательно правду, но можно добавить для интриги пару выдуманных фактов и попросить подписчиков определить, что правда, а что нет.))) Правильный ответ - завтра в 16.00 по Москве!😉 1. Я очень жизнелюбивый человек!

2. Окончила художественную школу, но художник из меня от корня худо.)) 3. В 6 классе я играла в баскетбол и выросла на 13 сантиметров.

4. У меня врожденное чувство цвета.

5. Я люблю спорт и три раза в неделю хожу в спортзал на фитнес.

6.Я живу с одним мужчиной более 30 лет.

7.Люблю путешествовать, стараюсь побывать в необычных местах.

8. Моё увлечение бисером чистая случайность.

9.Люблю учиться, как правило это самообразование.

10. Моя основная специальность по диплому библиограф.

Один из этих фактов не соответствует действительности.))) Первому угадавшему неправильный пункт, в подарок я подарю свой МК по броши. Двум следущим скидку 50% на данный МК.
#угадайка
#мквподарок
#ачтотызнаешьобомне
#vitaeremeeva
#теплыеозеранаснежеой
# бурятия03
#озеросказка";1528544595;115;2249198995;False;мквподарок
Bk22eQ9BZ9d;"Repost: @5nogotkov ‼️РАЗЫГРЫВАЕМ‼️онлайн-курс 💅🏻 ""ВЕНЗЕЛЯ И КРУЖЕВО "". 38 ПОШАГОВЫХ УРОКОВ С ПРОВЕРКОЙ ДОМАШНИХ ЗАДАНИЙ , которые точно помогут Вам освоить этот вид изысканных и очень красивых дизайнов, столь востребованных среди клиенток.
.
🎁 Для участия  в РОЗЫГРЫШЕ переходите в аккаунт👉  @5nogotkov.
.
💥💥 Стоимость курса ""ВЕНЗЕЛЯ И КРУЖЕВО ""3900 р, но кто - то из Вас заберет его БЕСПЛАТНО!💥
.
🔴🔥Победитель будет об'явлен в 06.07.2018 в 21.00.";1530808885;222;628865793;False;мквподарок
Bk22wSwlZ7H;"Repost: @5nogotkov ‼️РАЗЫГРЫВАЕМ‼️онлайн-курс 💅🏻 ""ВЕНЗЕЛЯ И КРУЖЕВО "". 38 ПОШАГОВЫХ УРОКОВ С ПРОВЕРКОЙ ДОМАШНИХ ЗАДАНИЙ , которые точно помогут Вам освоить этот вид изысканных и очень красивых дизайнов, столь востребованных среди клиенток.
.
🎁 Для участия  в РОЗЫГРЫШЕ переходите в аккаунт👉  @5nogotkov.
.
💥💥 Стоимость курса ""ВЕНЗЕЛЯ И КРУЖЕВО ""3900 р, но кто - то из Вас заберет его БЕСПЛАТНО!💥
.
🔴🔥Победитель будет об'явлен в 06.07.2018 в 21.00 💖";1530809033;93;1822419548;False;мквподарок
BkCPW-OBuSl;"🎉ДАРЮ МАСТЕР КЛАСС🎉
Любой МК Зайки или Кысы на ваш выбор в подарок!
⭕Условия очень просты!
🎉Быть подписаным на меня @ami_gru
🎉Отметить любое количество подруг в комментариях, кому было бы это интересно
🎉В среду 20.06 я выберу  победителя в прямом эфире
Количество комментариев НЕ ОГРАНИЧЕНО!
Жедаю удачи каждому из вас!
Пооооехали😙😗
Ну...а с вас💛💛💛
#амигуруми#мквподарок#мастеркласс#схемавязания#амигурумимк#мкбесплатно#вязанаязайка#вязанаякыса#вязанаяигрушка#игрушкакрючком#ами_мк#амигру";1529043547;134;4201200380;False;мквподарок
BkNR8rpBbLm;"Repost @5nogotkov: 🔥БЕСПЛАТНЫЙ ПЯТИДНЕВНЫЙ ОНЛАЙН КУРС 🔥 “СКОРОСТЬ МАСТЕРСТВО УСПЕХ 4“.
.
🌟Как Вам идея - пройти БЕСПЛАНОЕ ОБУЧЕНИЕ скоростным дизайнам ногтей и привлечению клиентов, чтобы существенно увеличить свой доход?
. ⠀
🎁 Переходите в аккаунт 👉@5nogotkov и оставляйте заявку на участие.

Что это будет?
👇
✨40 красивейших дизайнов
✨рабочие технологии увеличения прибыли:
✓ Как увеличить клиентскую базу
✓ Как запустить сарафанное радио на автопилоте
✓ Как правильно оформить прейскурант цен
✓ С чего начать чтобы наработать клиентов
✓ Как увеличить скорость работы мастера
✓ и ещё много-много всего интересного и необходимого☝️ для успешной карьеры.
⠀
⠀🔥даже новичок, не обладающий художественными навыками, сможет научится создавать быстрые и очень красивые дизайны, за которые будут готовы платить клиенты.
⠀
⠀🎁Для участия в БЕСПЛАТНОМ КУРСЕ оставляйте заявку  в аккаунте 👉@5nogotkov
.

Участвуйте и становитесь востребованными  и успешными💰👇
.
#КЛУБ_5НОГОТКОВ#МаринаЩеглова#5ноготков#5nogotkov#мквподарок #мкногти#суперакция#бесплатно#идеиманикюр";1529414011;2099;3437518641;True;мквподарок
BkNYlmIH-ZL;"Супер!!!
#Repost @5nogotkov (@get_repost)
・・・
🔥БЕСПЛАТНЫЙ ПЯТИДНЕВНЫЙ ОНЛАЙН-ИНТЕНСИВ🔥 “СКОРОСТЬ МАСТЕРСТВО УСПЕХ 4“.
.
Думаю, отказаться от такого предложения невозможно😍
. 🎁Тренинг Бесплатный, но для участия в нем необходимо выполнить 3 простых условия:

1. Быть подписчиком нашего аккаунта
2. Поставить лайк этому посту ❤
3.Оставить заявку ""Участвую""

Что это будет?
👇
✨40 красивейших дизайнов
✨рабочие технологии увеличения прибыли:
✓ Как увеличить клиентскую базу
✓ Как повысить цену
✓ Как привлекать клиентов по рекомендациям
✓ Как запустить сарафанное радио на автопилоте
✓ Как правильно оформить прейскурант цен
✓ С чего начать чтобы наработать клиентов
✓ Как побороть неуверенность в себе
✓ Как увеличить скорость работы мастера
✓ Как предлагать клиентам дизайн
Как увеличить доход мастеру .
✓ и ещё много-много всего интересного и необходимого☝️ для успешной карьеры.
⠀
Скоростная техника росписи разнообразит ваш арсенал дизайнов и выделит среди конкурентов😎
⠀
➕ даже новичок, не обладающий художественными навыками, сможет научится создавать быстрые и очень красивые дизайны, за которые будут готовы платить клиенты.
⠀
❗УСЛОВИЯ УЧАСТИЯ:
1.Быть подписчиком нашего аккаунта
2. Поставить лайк этому посту ❤
3.Оставить заявку ""Участвую""
⠀
СТАРТ ИНТЕНСИВА 23 июня !
⠀
И это даже не всё😱
⠀
Всем, кто расскажет о БЕСПЛАТНОМ ИНТЕНСИВЕ в своем профиле: разместит фото или видео о интенсиве  и укажет наш профиль  @5nogotkov, гарантировано получит БОНУСНЫЙ ПОДАРОК🎁▶️урок из нового курса ""Пляжный сезон""🌴
⠀⠀
Кто выполнил это👆дополнительное условие, пишите в комментариях ""бонус"".
⠀
Участвуйте и становитесь востребованными  и успешными💰👇
.
#КЛУБ_5НОГОТКОВ#МаринаЩеглова#5ноготков#5nogotkov#мквподарок #мкногти#суперакция#бесплатно#идеиманикюр";1529417554;4;5689327965;True;мквподарок
BkNYmw9HLgh;"Repost @5nogotkov: 🔥БЕСПЛАТНЫЙ ПЯТИДНЕВНЫЙ ОНЛАЙН-ИНТЕНСИВ🔥 “СКОРОСТЬ МАСТЕРСТВО УСПЕХ 4“.
.
Думаю, отказаться от такого предложения невозможно😍
. ⠀
🎁Для участия в БЕСПЛАТНОМ КУРСЕ оставляйте заявку  в аккаунте 👉@5nogotkov.

Что это будет?
👇
✨40 красивейших дизайнов
✨рабочие технологии увеличения прибыли:
✓ Как увеличить клиентскую базу
✓ Как повысить цену
✓ Как привлекать клиентов по рекомендациям
✓ Как запустить сарафанное радио на автопилоте
✓ Как правильно оформить прейскурант цен
✓ С чего начать чтобы наработать клиентов
✓ Как побороть неуверенность в себе
✓ Как увеличить скорость работы мастера
✓ Как предлагать клиентам дизайн
Как увеличить доход мастеру .
✓ и ещё много-много всего интересного и необходимого☝️ для успешной карьеры.
⠀
Скоростная техника росписи разнообразит ваш арсенал дизайнов и выделит среди конкурентов😎
⠀
➕ даже новичок, не обладающий художественными навыками, сможет научится создавать быстрые и очень красивые дизайны, за которые будут готовы платить клиенты.
⠀
🎁 Переходите в аккаунт 👉@5nogotkov и оставляйте заявку на участие
⠀
Участвуйте и становитесь востребованными  и успешными💰👇
.

#КЛУБ_5НОГОТКОВ#МаринаЩеглова#5ноготков#5nogotkov#мквподарок #мкногти#суперакция#бесплатно#идеидизайна#школаманикюра#гельлакдизайн#маникюршеллак#курсыманикюра#обучениеманикюру#нейл#нейлдизайн#идеидизайна#школаманикюра#гельлакдизайн#гель_лак#дизайнгельлаком#обучениеногти#росписьнаногтях#маникюр2018";1529417518;1195;6328662831;True;мквподарок
BkNr1WYn82H;"❤️ @5nogotkov.ru ❤️
.
🔥БЕСПЛАТНЫЙ ПЯТИДНЕВНЫЙ ОНЛАЙН-ИНТЕНСИВ🔥 “СКОРОСТЬ МАСТЕРСТВО УСПЕХ 4“.
.
Думаю, отказаться от такого предложения невозможно😍
. ⠀
🎁Для участия в БЕСПЛАТНОМ КУРСЕ оставляйте заявку  в аккаунте 👉@5nogotkov.

Что это будет?
👇
✨40 красивейших дизайнов
✨рабочие технологии увеличения прибыли:
✓ Как увеличить клиентскую базу
✓ Как повысить цену
✓ Как привлекать клиентов по рекомендациям
✓ Как запустить сарафанное радио на автопилоте
✓ Как правильно оформить прейскурант цен
✓ С чего начать чтобы наработать клиентов
✓ Как побороть неуверенность в себе
✓ Как увеличить скорость работы мастера
✓ Как предлагать клиентам дизайн
Как увеличить доход мастеру .
✓ и ещё много-много всего интересного и необходимого☝️ для успешной карьеры.
⠀
Скоростная техника росписи разнообразит ваш арсенал дизайнов и выделит среди конкурентов😎
⠀
➕ даже новичок, не обладающий художественными навыками, сможет научится создавать быстрые и очень красивые дизайны, за которые будут готовы платить клиенты.
⠀
🎁 Переходите в аккаунт 👉@5nogotkov и оставляйте заявку на участие
⠀
Участвуйте и становитесь востребованными  и успешными💰👇
.
#КЛУБ_5НОГОТКОВ#МаринаЩеглова#5ноготков#5nogotkov#мквподарок #мкногти#суперакция#бесплатно#идеиманикюр";1529427612;66;1822419548;True;мквподарок
BkNsfzMHFtT;"Repost @5nogotkov: 🔥БЕСПЛАТНЫЙ ПЯТИДНЕВНЫЙ ОНЛАЙН-ИНТЕНСИВ🔥 “СКОРОСТЬ МАСТЕРСТВО УСПЕХ 4“.
.
Думаю, отказаться от такого предложения невозможно😍
. ⠀
🎁Для участия в БЕСПЛАТНОМ КУРСЕ оставляйте заявку  в аккаунте 👉@5nogotkov.

Что это будет?
👇
✨40 красивейших дизайнов
✨рабочие технологии увеличения прибыли:
✓ Как увеличить клиентскую базу
✓ Как повысить цену
✓ Как привлекать клиентов по рекомендациям
✓ Как запустить сарафанное радио на автопилоте
✓ Как правильно оформить прейскурант цен
✓ С чего начать чтобы наработать клиентов
✓ Как побороть неуверенность в себе
✓ Как увеличить скорость работы мастера
✓ Как предлагать клиентам дизайн
Как увеличить доход мастеру .
✓ и ещё много-много всего интересного и необходимого☝️ для успешной карьеры.
⠀
Скоростная техника росписи разнообразит ваш арсенал дизайнов и выделит среди конкурентов😎
⠀
➕ даже новичок, не обладающий художественными навыками, сможет научится создавать быстрые и очень красивые дизайны, за которые будут готовы платить клиенты.
⠀
🎁 Переходите в аккаунт 👉@5nogotkov и оставляйте заявку на участие
⠀
Участвуйте и становитесь востребованными  и успешными💰👇";1529427938;2277;5608460354;True;мквподарок
BkQOk8uBVQ_;"Repost @5nogotkov: 🔥БЕСПЛАТНЫЙ ПЯТИДНЕВНЫЙ ОНЛАЙН КУРС 🔥 “СКОРОСТЬ МАСТЕРСТВО УСПЕХ 4“.
.
🌟Как Вам идея - пройти БЕСПЛАНОЕ ОБУЧЕНИЕ скоростным дизайнам ногтей и привлечению клиентов, чтобы существенно увеличить свой доход?
. ⠀
🎁 Переходите в аккаунт 👉@5nogotkov и оставляйте заявку на участие.

Что это будет?
👇
✨40 красивейших дизайнов
✨рабочие технологии увеличения прибыли:
✓ Как увеличить клиентскую базу
✓ Как запустить сарафанное радио на автопилоте
✓ Как правильно оформить прейскурант цен
✓ С чего начать чтобы наработать клиентов
✓ Как увеличить скорость работы мастера
✓ и ещё много-много всего интересного и необходимого☝️ для успешной карьеры.
⠀
⠀🔥даже новичок, не обладающий художественными навыками, сможет научится создавать быстрые и очень красивые дизайны, за которые будут готовы платить клиенты.
⠀
⠀🎁Для участия в БЕСПЛАТНОМ КУРСЕ оставляйте заявку  в аккаунте 👉@5nogotkov
.

Участвуйте и становитесь востребованными  и успешными💰👇
.
#КЛУБ_5НОГОТКОВ#МаринаЩеглова#5ноготков#5nogotkov#мквподарок #мкногти#суперакция#бесплатно#идеиманикюр";1529513260;2015;2159258860;True;мквподарок
BkSNhGVhtVg;"#Repost @5nogotkov
• • •
🔥БЕСПЛАТНЫЙ ПЯТИДНЕВНЫЙ ОНЛАЙН-ИНТЕНСИВ🔥“СКОРОСТЬ МАСТЕРСТВО УСПЕХ 4“.
.
🌟Как Вам идея - пройти бесплатное обучение скоростным дизайнам ногтей и привлечению клиентов, чтобы существенно увеличить свой доход?
. . 🎁Тренинг БЕСПЛАТНЫЙ , но для участия в нем необходимо выполнить 3 простых условия:

1. Быть подписчиком нашего аккаунта
2. Поставить лайк этому посту ❤
3.Оставить заявку ""Участвую""

Что это будет?
👇
✨40 красивейших дизайнов
✨рабочие технологии увеличения прибыли:
✓ Как увеличить клиентскую базу
✓ Как повысить цену
✓ Как привлекать клиентов по рекомендациям
✓ Как запустить сарафанное радио на автопилоте
✓ Как правильно оформить прейскурант цен
✓ С чего начать чтобы наработать клиентов
✓ Как побороть неуверенность в себе
✓ Как увеличить скорость работы мастера
✓ Как предлагать клиентам дизайн
Как увеличить доход мастеру .
✓ и ещё много-много всего интересного и необходимого☝️ для успешной карьеры.
⠀
Скоростная техника росписи разнообразит ваш арсенал дизайнов и выделит среди конкурентов😎
⠀
➕ даже новичок, не обладающий художественными навыками, сможет научится создавать быстрые и очень красивые дизайны, за которые будут готовы платить клиенты.
⠀
❗УСЛОВИЯ УЧАСТИЯ:
1.Быть подписчиком нашего аккаунта
2. Поставить лайк этому посту ❤
3.Оставить заявку ""Участвую""
⠀
СТАРТ ИНТЕНСИВА 23 июня !
⠀
И это даже не всё😱
⠀
Всем, кто расскажет о БЕСПЛАТНОМ ИНТЕНСИВЕ в своем профиле: разместит фото или видео о интенсиве  и укажет наш профиль  @5nogotkov, гарантировано получит БОНУСНЫЙ ПОДАРОК🎁▶️урок из нового курса ""Пляжный сезон""🌴
⠀⠀
Кто выполнил это👆дополнительное условие, пишите в комментариях ""бонус"".
⠀
Участвуйте и становитесь востребованными  и успешными💰👇
.
#КЛУБ_5НОГОТКОВ#МаринаЩеглова#5ноготков#5nogotkov#мквподарок #мкногти#суперакция#бесплатно#идеиманикюр";1529579776;15;614839387;True;мквподарок
BkVNrtWl5lw;"А у нас появились подарочные сертификаты! 
Теперь вопрос с подарком на день рождения, юбилей, именины,  крестины... да на любой праздник РЕШЁН!
Ведь нет ничего дороже ЭМОЦИЙ! 😍
⠀
⠀
⠀
#дариэмоции #идеиподарков #подарок #подарокбелгород #МКвподарок #подарочныйсертификатбелгород  #шоколадбелгород #белгород #МКСмелянскойОльги 
#шоколад_смелянский";1529680203;68;7187676916;False;мквподарок
BkYAl0jjBAF;"Repost @5nogotkov: 🔥БЕСПЛАТНЫЙ ПЯТИДНЕВНЫЙ ОНЛАЙН КУРС 🔥 “СКОРОСТЬ МАСТЕРСТВО УСПЕХ 4“.
.
🌟Как Вам идея - пройти БЕСПЛАНОЕ ОБУЧЕНИЕ скоростным дизайнам ногтей и привлечению клиентов, чтобы существенно увеличить свой доход?
. ⠀
🎁 Переходите в аккаунт 👉@5nogotkov и оставляйте заявку на участие.

Что это будет?
👇
✨40 красивейших дизайнов
✨рабочие технологии увеличения прибыли:
✓ Как увеличить клиентскую базу
✓ Как запустить сарафанное радио на автопилоте
✓ Как правильно оформить прейскурант цен
✓ С чего начать чтобы наработать клиентов
✓ Как увеличить скорость работы мастера
✓ и ещё много-много всего интересного и необходимого☝️ для успешной карьеры.
⠀
⠀🔥даже новичок, не обладающий художественными навыками, сможет научится создавать быстрые и очень красивые дизайны, за которые будут готовы платить клиенты.
⠀
⠀🎁Для участия в БЕСПЛАТНОМ КУРСЕ оставляйте заявку  в аккаунте 👉@5nogotkov
.

Участвуйте и становитесь востребованными  и успешными💰👇
.
#КЛУБ_5НОГОТКОВ#МаринаЩеглова#5ноготков#5nogotkov#мквподарок #мкногти#суперакция#бесплатно#идеиманикюр";1529774016;2221;5603760229;True;мквподарок
BkalKZKBBuz;"..
..
☺️🌵 Здравствуйте, друзья!
..
☺️🎓 Объявляем набор на мастер-класс по флорариумам, который пройдёт 30.06 в 16.00 в нашей лавке по адресу Социалистическая 211.
..
😊🌵 Все необходимое для создания вашего уникального флорариума мы предоставим:
🌵Форму (по вашему выбору);
🌵Отборные суккуленты;
🌵Стабилизированный мох, самоцветы, фигурки и другой декор на ваш выбор.
..
☺️🎁Созданную вами композицию вы заберёте с собой.
..
💰 Стоимость мастер-класса от 2,5 т.р., и зависит от выбранной вами формы.
..
☝️Количество мест ограничено, всего шесть, спешите записаться😉.
..
📲Запись по телефону 8 918 506 5 506
..
👉 #мастеркласс_zasteklom
👉 #мастерклассы_zasteklom
———————————————————
«Лавка чудес ZASTEKLOM» - мастерская необычной флористики и подарков.
Ул. Социалистическая, 211. Мы открылись!
.....................................................................
Режим работы:
Вт-Вс с 12:00 до 20:00
📲 8 918 506 5 506
..
..";1529860285;114;3183075762;False;мквподарок
Bkb67adFiYU;"Очень интересный профиль у @uno_knit ❤️ зашла посмотреть из любопытства и мне там понравилось))))
А ещё @uno_knit дарит мк на такую шапочку ☺️👍
#uno_knit #мквподарок";1529905251;42;3212157270;False;мквподарок
BksBkiLDaDE;"Хотите мастер-класс в подарок?😉
3 июля у меня день рождение, в честь этого, я запускаю скидки на мои МК.👍
.
Купи Любой Мастер-класс за 100 рублей!👌
Смотрите карусель.
А при единовременной покупке 2х мк, третий получаете в подарок! На ваш выбор.👍
✔️Все мои мк @puchkova.mk
.
Акция закончится 3 июля в 24-00.
.
И это ещё не все, если хотите получить любой мой Мастер-класс бесплатно, то оставляйте комментарии под этим постом.✍️
А 4 июля в 12 часов, генератором случайных чисел, я выберу 2 победителей.🤗
.
Чем больше коментов, тем выше шанс на победу.😋
.
Всем удачи.
Для покупки мк пишите в директ или в комментариях✍️";1530445605;102;4485415550;False;мквподарок
Bl2jURlBmms;"Напоминаю, что МК по этому купону и не только, может вам достаться абсолютно бесплатно. Об условиях читайте на моей странице. 1 августа  состоится розыгрыш призов в прямом эфире. У вас есть шанс!!! Кулон продается! Цена 6000 рублей .
#vitaeremeeva_вналичии 
#мквподарок
#vita_eremeevaдарит подарки
#двухстороннийкулон
#бисероплетение  #handmadeулан_удэ
#купитьмк
#дарюподарки";1532946325;338;2249198995;False;мквподарок
Bl7sLUrBqaX;"Провела розыгрыш как обещала. Перевернутая запись висит в сторис.))🙈 Не виноватая я.))😉 От всей души поздравляю победителей! Ну и проигравших в нашей лотерее нет, всем кто принял участие достается 10% скидка на данные МК или на приобретение любого изделия в наличии! Ура!
МК по двухстороннему кулону « Звездный калейдоскоп» выиграл 📌номер 57 -  @magic_._beads
2 МК по броши « Звезда пленительного счастья выиграли:
📌Номер 33 -  @na.tasha8234
📌Номер 13 – @osv261
#розыгрышсостоялся
#мквподарок
#бисероплетение
#дарюподарки";1533118743;196;2249198995;False;мквподарок
BlBPsSGhBHZ;"..
..
☺️🌵 Друзья, подписывайтесь на нашу страничку: @lavka_zasteklom. Мы вам обязательно пригодимся!
..
☺️🎓 Наши фирменные индивидуальные мастер-классы популярны у людей разных возрастов.
..
☺️ 🎼 Можно смело перефразировать одну известную песню - «Флорариумам все возрасты покорны»☺️.
..
🌵💎 Посмотрите, друзья, какая красота получается у гостей наших МК. Листайте фото➡️.
..
🌵💎 Хотите сделать Красоту своими руками? Приходите на наши мастер-классы по необычной флористике!
..
❗️ Индивидуальный мастер-класс проведём по предварительной записи в любое удобное для вас время. Тел для записи: 8 918 506 5 506
..
👉#мастерклассы_zasteklom
👉#своимируками_zasteklom ——————————————
«Лавка чудес ZASTEKLOM» - мастерская необычной флористики и подарков.
Ул. Социалистическая, 211. В двух шагах от Театральной площади.
...................................................
Режим работы:
ВТ-ВС с 12:00 до 20:00
ПН - выходной
📲 8 918 506 5 506
..
..";1531157651;411;3183075762;False;мквподарок
BlM8D7ZDh0b;"Вы спрашивали у меня: Когда же  МК ""Окошко"" будет? Будет в августе. Числа ещё точного нет, но вы следите за анонсом ,пишите в direct , вместе выберем дату 🎨 
Волшебные краски @dariageiler будут с нами в творческом процессе.

Делайте свою жизнь ярче 🎨";1531550012;174;1740942251;False;мквподарок
BlR6WLpBqoX;"С добрым утром!❤️ Новую неделю хочу начать с обещанного РОЗЫГРЫША!!!
29 июля в 12:00 в центре ""Цветок жизни"" состоится детский мастер-класс по росписи пряников ""Морские жители"". Стоимость участия в МК - 130грн. У вас есть возможность посетить его бесплатно)) Условия очень просты - не нужны никакие репосты или ссылки на друзей. Главное, чтобы у вас было желание и возможность посетить МК 29.07. Итак, вам нужно:
1) быть подписанным на мою страницу @testo_zp 
2) поставить лайк под этим постом
3) в комментариях присвоить себе порядковый номер, написать имя и возраст ребенка.
Вы можете подарить участие в МК кому угодно - вашему ребенку, внуку, крестнику, ребенку друзей, так что никаких ограничений нет))
Победителя определим 27.07 в 19:00. Всем удачи 😘
#giveaway #giveawayзапорожье #розыгрыш #розыгрышзапорожье #розыгрышмастеркласса #розыгрышмк #детскиймк #мастерклассзапорожье #мкпряники #мкпряникизапорожье #студиятесто #testo_zp #люблюдаритьподарки #мквподарок #мастерклассдлядеток";1531716885;41;5062625550;False;мквподарок
BlR8xfaj8Mm;"Хочу предложить вашему вниманию инструкцию по вязанию идеального круга, о котором вы часто меня спрашиваете в директ!
Способ прибавок элегантно 😎 описан и станет вашей визитной карточкой, получить инструкцию можно в подарок при приобретении мк #pushpush_raffiahat 💓 #pushpush_идеальныйкруг";1531718158;217;6880957874;False;мквподарок
Blimhh7hlZe;"..
..
☺️🎓 Друзья, приходите на наши индивидуальные мастер-классы. Вы можете выбрать любой удобный вам день и время, а также понравившиеся растения, декор и самоцветы.
..
☺️☕️ Гарантируем уютную дружескую атмосферу, много интересной информации и красивую композицию, которую вы сделаете своими руками и унесёте с собой.
..
🌵💎 Посмотрите, какой красивый флорариум получился у нашей очаровательной гостьи Лизы👏👏.
..
📲 Запись на мастер-класс по номеру:
8918 506 5 506
..
👉#мастерклассы_zasteklom
👉#своимируками_zasteklom —————————————————
«Лавка чудес ZASTEKLOM» - мастерская необычной флористики и подарков.
Ул. Социалистическая, 211. В двух шагах от Театральной площади.
............................................................
Режим работы:
ВТ-ВС с 12:00 до 20:00
ПН - выходной
📲 8 918 506 5 506
..
..";1532276918;284;3183075762;False;мквподарок
BllQ2jdAWD1;"🎁🎁 ДАРЮ  запись вебинара🍒🍇 ""ФРУКТОВЫЙ МИКС“🍓🍊
.
✨ТОПовые дизайны летнего сезона 2018
✨ Ярко, сочно и со вкусом😋 ⠀🎁 За подарком переходите в аккаунт 👉
@5nogotkov.ru ""Фруктовый микс"" вам нужен уже сегодня❗❗❗
Откуда такая уверенность?👇
Море, солнце, пляж, тропические вкусности... Прекрасная половина так и жаждет отразить летнее комбо на своих ноготках. Поэтому актуальность  вебинара зашкаливает 💯
⠀
Не теряйте клиентов ➡ переходите в аккаунт 
@5nogotkov.ru и  участвуйте в акции.";1532366219;2266;5604274405;False;мквподарок
Blnzzn7ggeQ;"🎁🎁 ДАРЮ запись вебинара🍒🍇 ""ФРУКТОВЫЙ МИКС“🍓🍊
.
✨ТОПовые дизайны летнего сезона 2018
✨ Ярко, сочно и со вкусом😋 ⠀
⠀
🎁 За подарком переходите в аккаунт 👉
@5nogotkov ""⠀
⠀
Фруктовый микс"" вам нужен уже сегодня❗❗❗
Откуда такая уверенность?👇⠀
⠀
Море, солнце, пляж, тропические вкусности... Прекрасная половина так и жаждет отразить летнее комбо на своих ноготках. Поэтому актуальность вебинара зашкаливает 💯⠀
⠀
⠀🔥Не теряйте клиентов ➡ переходите в аккаунт 
@5nogotkov и участвуйте в акции.";1532451654;142;2872801809;False;мквподарок
BlpG6SjhMCu;"С годами понимаешь, что дарить подарки намного приятней, чем их получать. В преддверии своего дня рождения, я решила сделать своим подписчикам подарок. Вернее подарки.)) ·  МК двухстороннего кулона « Звездный калейдоскоп»; ·  Два  МК по броши « Звезда пленительного счастья»; ·  Все остальные, кто поставит лайк, сделает репост и оставит комментарий получат скидку 10% на приобретение этих МК. 
Для того чтобы принять участие в розыгрыше необходимо:

1. Быть подписчиком и поставить лайк этой записи.

2. Сделать репост этой записи, отметить меня под постом  @vita_eremeeva и поставить хештег #подарки_от_vita_eremeeva

4. Оставить один комментарий: «Готово!» под этим постом, чтобы я смогла присвоить вам номер.

5. Ваша страница должна быть открыта на время розыгрыша.

Розыгрыш проведу при помощи беспристрастного генератора случайных чисел)) на следующий день после дня рождения 1 августа в 12.00 по московскому времени. Эфир сохраню.

#подарки
#подарки_от_vita_eremeeva
#мквподарок
#мккулон";1532495225;275;2249198995;False;мквподарок
Bm0eQDHBp7k;"Брызги волн, скорость, и водная гладь расступается под твоими ногами…🌊 Что может быть лучше водных лыж для человека, склонного к экстремальному отдыху и любящего воду?😱
⠀
Ничего, конечно же.👍
⠀
 Так подарите же это необыкновенное подарочное впечатление своему рисковому другу, и он будет вам благодарен до слез😍😂
⠀
ЧТО ЕГО ЖДЁТ?🌟
⠀
✅Огромный заряд адреналина, который так легко получить во время катания на водных лыжах. Поверьте, хватит надолго👍
✅Отличные фотографии. Представьте - скорость, солнце и ваш друг, практически парящий над водной гладью...вы же откажетесь пополнить его фотоальбом такими фотками, верно?😉
✅Железная безопасность.💪За ней следят профессионалы👀
✅Новое хобби🏄‍♂️. Катание может стать чудесным хобби. Покатавшись один раз, потом сложно остановиться🔥
⠀
Хватит потчевать друзей унылыми презентами!😈
Приберегите гели для душа и конфеты🍬для себя, а чайные чашки - для своей прабабушки☕️Дарите эмоции😱дарите драйв🔥, дарите впечатление!🌟⠀
В этом вам поможет Бодо!
Скорее пиши для заказа в Директ!
💃Лето скоро кончится😱";1535024044;50;8226403571;False;мквподарок
Bm3NjaXhMfp;"Что делать, если тебе уже подарили впечатления от BODO?🎁
⠀
Все очень просто!✨
⠀
1️⃣Выбери одно впечатление из подаренных🌟
2️⃣Забронируй впечатление на любую дату и время🕑
3️⃣Получи незабываемые впечатления🔥
⠀
Есть вопросы?👉На них с удовольствием ответят наши внимательные менеджеры🙃
⠀
пишите в Директ 💌, звоните по телефону ‭+7 (495) 212-13-49‬ 📲 , либо оставляйте заявку на сайте💻";1535115953;45;8226403571;False;мквподарок
Bm3oAE2HMLC;"Repost @5nogotkov: 🎁Сегодня ДАРИМ  кое-что мега-полезное 👌
➡ Видеоурок ""Скоростные дизайны ногтей""
⠀
❗Вы узнаете:
▶ как работать в технике  Китайская роспись
▶ как правильно набрать краску на кисть
▶ как добиться плавного перехода цвета
▶ как создавать эффектные дизайны при минимальных затратах времени
‌
🎁За подарком переходите  аккаунт 👉 @5nogotkov и оставляйте заявку❣️";1535129836;1143;5604274405;True;мквподарок
Bm5D3GYB_yK;"Воспользоваться сертификатом очень просто!✨
⠀
🌼Достаточно просто выбрать одну услугу из подарка😉
👉По желанию можно выбрать другую услугу за ту же цену👍
👉Можно доплатить до более дорогой услуги💰 👉 Даже можно использовать сертификат на несколько услуг с меньшей стоимостью😎
⠀
🌺Забронировать услугу на удобное время
👉 Нужно просто назвать номер сертификата и желаемую дату📆
👉 Поменялись планы? Не беда! Перенёсем услугу на более удобное время 🕑
⠀
🍀Насладится выбраным впечатлением 👉Чтобы вы не забыли, мы напомним о впечатлении за один день📞
👉Расскажем как доехать 🚗
👉С собой возьмите только сертификат и хорошее настроение 😋
⠀
Для заказа пишите в Директ 💌, звоните по телефону ‭+7 (495) 212-13-49‬ 📲 , либо оставляйте заявку на сайте💻";1535177980;48;8226403571;False;мквподарок
Bm8uYrlBav_;"..
..
☺️🌵 Друзья, подписывайтесь на нашу страничку Инстаграм: @lavka_zasteklom. Мы вам обязательно пригодимся!
..
☺️🎓 Приглашаем вас на наши мастер-классы по созданию флорариумов, минисадиков и интерьерных композиций.
..
🌵💎 В нашей уютной мастерской, под руководством опытного мастера, вы создадите свой собственный шедевр из замечательных растений, самоцветов и минералов, который заберёте с собой.
..
❗️Дату и удобное время проведения мастер-класса вы назначаете сами!
..
💰 Стоимость мастер-классов от 1,5р. в зависимости от выбранной вазы и композиции.
..
🎁 Имеются подарочные сертификаты.
..
📲 Запись на МК и дополнительная информация по телефону:
8 918 506 5 506
..
👉#мастерклассы_zasteklom
👉#своимируками_zasteklom
——————————————————
«Лавка чудес ZASTEKLOM» - мастерская необычной флористики и подарков.
Ул. Социалистическая, 211. В двух шагах от Театральной площади.
.................................................................
Режим работы:
ВТ-ВС с 12:00 до 20:00
ПН - выходной
📲 8 918 506 5 506
..
..";1535300939;314;3183075762;False;мквподарок
BmAxRbug8RS;"Мастерицы и те, кто очень хочет слепить что-нибудь сам... Хотите подарок? 😍
Я снимала процесс лепки этого зайчика. Получился МК... Сыроватый, немного корявенький, но все же Мастер-класс😉
Поставьте этому посту ❤️, сделайте репост (или скрин этого поста), отметьте меня на нем, и впишите хэштег #хочумкот_tessy. А здесь напишите свою электронную почту. Я вам отправлю ссылку для скачивания😘";1533289186;208;2035225647;False;мквподарок
BmGKuIZA1K6;"Вот сижу и думаю - а чтобы разыграть завтра, в #ДобрыйПонедельник ☺️ и пришла мне в голову идея - а давайте устроим голосование!😃
.
Два варианта розыгрыша:
1. Бесплатный Мастер-Класс
2. Заказ на роспись одежды (любой) за 1000р
.
Пиши в комментариях, под этим постом, какой розыгрыш устроить завтра - 1 или 2 🎁 .
Тот вариант, который наберёт большее количество голосов, и будет завтра разыгран😁
.
Свой голос может оставить любой, сегодня, до 23.00 по московскому времени 😉
.
Голосуем, друзья 🤗
#Творческаямастерская#чешир#ТМЧешир#Артстудия#голосовалка#голосуем#розыгрыш#giveaway#мастеркласс#мквподарок#росписьодежды#мастерклассвподарок";1533470301;42;7826130614;False;мквподарок
BmGxrZLhbDX;"..
..
☺️🎓 Здравствуйте, друзья!

Приходите на наши индивидуальные мастер-классы сами или приводите своих детей или друзей. Создавайте Красоту своими руками! А наш мастер Натали поможет вам в этом😉.
..
☺️🎓 Сегодня - очередной мини отчёт об индивидуальном мастер-классе, который мы проводили для замечательной Кати.
Листайте фотографии➡️, в конце - прекрасный флорариум, который получился у Катюши.
..
📲 Запись на мастер-класс по телефону:
8 918 506 5 506
..
👉#мастерклассы_zasteklom
👉#своимируками_zasteklom ——————————————————
«Лавка чудес ZASTEKLOM» - мастерская необычной флористики и подарков.
Ул. Социалистическая, 211. В двух шагах от Театральной площади.
.................................................................
Режим работы:
ВТ-ВС с 12:00 до 20:00
ПН - выходной
📲 8 918 506 5 506
..
..";1533490726;276;3183075762;False;мквподарок
BmHsa9Ilf7b;"Вязаная куколка #Стеша •Автор Татьяна Косточенкова
•
•
#вязанаякукла#куклатильда#тильда#мктильда#мккуклы #кукластеша#вязанаятильда#тильдамкбесплатно#амигуруми#мквподарок";1533521524;104;5377026403;False;мквподарок
BmIhGm1A4RV;"Всем Доброго Понедельника🤗
Вчера устроили голосовалку, и практически единогласно выбрали Розыгрыш Мастер-Класса🙌🏼
Так тому и быть, начинаем разыгрывать бесплатное посещение любого #МК 👌🏼
.
Для того, чтобы принять участие, нужно сделать следующее:
✨ Быть подписанным на аккаунт Мастерской @cheshir_artstudio
✨ В комментарии, под этим постом, написать участвую и отметить 2-3 своих друзей ✨ В ответном комментарии мы присваиваем тебе порядковый номер ✨ Участие может принять каждый до 8 августа (среды), до 11.30 по московскому времени .
Определять счастливчика будем в среду, 8 августа, в 12.00, в прямом эфире, при помощи генератора случайных чисел 💫
.
Начинаем 👏🏼 Всем удачи 🍀 
#Творческаямастерская#Чешир#ТМЧешир#Артстудия#розыгрыш#giveaway#мквподарок#мкмосква#мастеркласс#мкпорисованию#мастерклассвподарок#росписьодежды#мклепка#картиназа3часа#росписьджинсовки#своимируками";1533549144;37;7826130614;False;мквподарок
BmIrlFsjzQL;"Все к нам ) розыгрыш !!!! Repost from @cheshir_artstudio @TopRankRepost #TopRankRepost Всем Доброго Понедельника🤗
Вчера устроили голосовалку, и практически единогласно выбрали Розыгрыш Мастер-Класса🙌🏼
Так тому и быть, начинаем разыгрывать бесплатное посещение любого #МК 👌🏼
.
Для того, чтобы принять участие, нужно сделать следующее:
✨ Быть подписанным на аккаунт Мастерской @cheshir_artstudio
✨ В комментарии, под этим постом, написать участвую и отметить 2-3 своих друзей ✨ В ответном комментарии мы присваиваем тебе порядковый номер ✨ Участие может принять каждый до 8 августа (среды), до 11.30 по московскому времени .
Определять счастливчика будем в среду, 8 августа, в 12.00, в прямом эфире, при помощи генератора случайных чисел 💫
.
Начинаем 👏🏼 Всем удачи 🍀 
#Творческаямастерская#Чешир#ТМЧешир#Артстудия#розыгрыш#giveaway#мквподарок#мкмосква#мастеркласс#мкпорисованию#мастерклассвподарок#росписьодежды#мклепка#картиназа3часа#росписьджинсовки#своимируками";1533554637;42;1276584306;False;мквподарок
BmN1Xgmgg-w;"Всем привет! Давайте знакомиться?🤗
Мы- магазин впечатлений “BODO”
Для вас мы проверили и отобрали более 200 впечатлений, о которых  мы подробно расскажем в наших постах.
Следите за новостями❤️
😉😉😉
Для заказа пишите в Директ 💌, звоните по телефону ‭+7 (495) 212-13-49‬ 📲 , либо оставляйте заявку на сайте💻";1533727541;7;8226403571;False;мквподарок
BmNzif7g3ab;Лето- время приключений!;1533726582;12;8226403571;False;мквподарок
BmNztsWAWNY;"Все забывается. Остаются в памяти лишь впечатления.  Хотите сделать, такой подарок, которого не будет  ожидать никто?👉
Заходите на сайт и выбирайте, что душе угодно 🔥
🍀🍀🍀
Для заказа пишите в Директ 💌, звоните по телефону ‭+7 (495) 212-13-49‬ 📲 , либо оставляйте заявку на сайте💻";1533726674;13;8226403571;False;мквподарок
BmOFU2EgvsB;"Знаете, что ожидает счастливчика, который выберет в подарок картинг?😱🏍
⠀
👉Именинник окажется на одном из самых крупных картодромов столицы🔥
👉Его со всей ответственностью проинструктируют, дадут всю необходимую экипировку🥊
👉 когда он совершит самый крутой заезд в своей жизни по извилистостях гоночной трассе, 
То получит :
1️⃣сертификат с результатами заезда🥇
2️⃣огромный заряд адреналина🔥
3️⃣ощущение себя всемогущим гонщиком 💪
😌😌😌
Для заказа пишите в Директ 💌, звоните по телефону ‭+7 (495) 212-13-49‬ 📲 , либо оставляйте заявку на сайте💻";1533735908;7;8226403571;False;мквподарок
BmOMPNuAg95;"Катание проходит на уникальном гоночном треке, который работает круглый год🎉есть зимняя закрытая трасса и летняя ☀️
⠀
Карт Rimo Evo 6 - современный автомобиль 🚗 мощностью 9️⃣лошадиных сил🐎
⠀
🔥Гонщик может развить скорость до 70 км/час😱
⠀
Скорее глядите обзор 👆👀
🌿🌿🌿
Для заказа пишите в Директ 💌, звоните по телефону ‭+7 (495) 212-13-49‬ 📲 , либо оставляйте заявку на сайте💻";1533739824;10;8226403571;True;мквподарок
BmONILkgeDk;"Наше отличие от конкурентов в том, что каждое впечатление мы проверили на себе! 💪
У нас многолетний опыт, слаженная команда и огромная база отзывов, ознакомиться с которой вы можете на сайте ✨
✅✅✅
Для заказа пишите в Директ 💌, звоните по телефону ‭+7 (495) 212-13-49‬ 📲 , либо оставляйте заявку на сайте💻";1533739998;16;8226403571;False;мквподарок
BmOPbSLA9Mo;"НЕВОЗМОЖНОЕ - ВОЗМОЖНО ✨
⠀
Но только с BODO 😀
⠀
Полет в аэротрубе доказывает, что над человеком не властны законы притяжения😈
⠀
🦋Ощущение полёта, действительно, один из лучших подарков в мире🌎
⠀
✅Это абсолютно безопасно🤗
человек не может упасть, потому  что огромный поток воздуха💨, создаваемый турбиной, прочно держит его💪
🥂🥂🥂
Для заказа пишите в Директ 💌, звоните по телефону ‭+7 (495) 212-13-49‬ 📲 , либо оставляйте заявку на сайте💻";1533741203;14;8226403571;False;мквподарок
BmOTcTlgwCq;"У ваши друзья насытились романтикой, приключениями и путешествиями?😎
Тогда мы знаем чем их удивить!😋
👍Полет на мотодельтаплане в подарок никого не оставит равнодушным!🦅 ЧТО ТЫ ПОКУПАЕШЬ:
✅впечатления на всю жизнь- такие полёты не забываются ✈️
✅Абсолютная безопасность💪
✅Отличное хобби - тссс... полёты вызывают привыкание🌟
✅Удобство - до места начала полёта удобно добраться🚗
🎀🎀🎀
Для заказа пишите в Директ 💌, звоните по телефону ‭+7 (495) 212-13-49‬ 📲 , либо оставляйте заявку на сайте💻";1533743703;17;8226403571;True;мквподарок
BmOVWOgA58s;Как давно вы делали что-то в первый раз?😌;1533744307;16;8226403571;False;мквподарок
BmOY3Sng8w6;"У всех были такие коробочки?😍 Помните? 🎥
Сейчас технологии шагают семимильными шагами, и мы от них не отстаём 💪
Интересно, что мы приготовили? Тогда ждите наш следующий пост 😉
🍀🍀🍀
Для заказа пишите в Директ 💌, звоните по телефону ‭+7 (495) 212-13-49‬ 📲 , либо оставляйте заявку на сайте💻";1533746151;14;8226403571;False;мквподарок
BmOZDQTgWhu;"Целых 5 измерений в вашем подарке! Круто?🔥
Читай дальше👇
⠀
Твой друг без ума от кино или видеоигр?
Тогда кинотеатр 5D точно придётся ему по вкусу 🤗
⠀
🎥 Реальное  кино. Но только ощущения в несколько  раз интереснее и острее😈 это живое приключение по волшебному миру кино😍
🎥 Эмоции, которые испытываешь в кинотеатре заставляют кричать, визжать, трястись от страха и радоваться каждую секунду 👍
🎥 Полноценное погружение ⚓️ особенно, когда на лицо попадают брызги 💦😀
🎥 Отменное качество, подборка самых новых и интересных фильмов
✨✨✨
Для заказа пишите в Директ 💌, звоните по телефону ‭+7 (495) 212-13-49‬ 📲 , либо оставляйте заявку на сайте💻";1533746272;9;8226403571;True;мквподарок
BmOeOwwgyN2;"Встречают по одёжке?✨
Да-да, мы с этим полностью согласны. Упаковка- одна из самых основных деталей подарка🎁
Произвести отменное первое впечатление наша элегантная коробочка умеет на 100% 🌟
✨✨✨
Для заказа пишите в Директ 💌, звоните по телефону ‭+7 (495) 212-13-49‬ 📲 , либо оставляйте заявку на сайте💻";1533748965;7;8226403571;False;мквподарок
BmQvI_tgHN6;"Часто задавались вопросом чем занимается человек,какие у него интересы и насколько он любит себя?😍
Хотите лайфхак как узнать человека поближе?😀
Просто посмотрите на его руки! 🙈
По состоянию рук можно рассмотреть целую историю личности.🌟
Ведь красивые руки могут быть только у того,кто заботится о них, кто уделяет время себе.❤️
Хотите чтобы ваша девушка не была посудомойкой? 🤦‍♂️
Если вы ответили да, то обязательно покупайте подарочное впечатление «Восточный спа-маникюр»🎀
🌟🌟🌟
Для заказа пишите в Директ 💌, звоните по телефону ‭+7 (495) 212-13-49‬ 📲 , либо оставляйте заявку на сайте💻";1533824939;10;8226403571;False;мквподарок
BmQxct1gh_4;"Почему именно параплан?
👍всего то - взлететь и планировать, а в этот момент:
🦅Адреналин. Бодрит лучше 10 чашек кофе.
Если кто-то из друзей заработался, или затосковал, такой подарок точно приведёт его в чувство😉
🦅 Нескончаемый поток вдохновения😍
Виды, что раскинутся внизу неописуемые🌎
🦅Как и все наши впечатления - полностью безопасно✅ Инструктор полностью контролирует ситуацию 😎
🦅Внезапно открывшееся полезное хобби😱
🍀🍀🍀
Для заказа пишите в Директ 💌, звоните по телефону ‭+7 (495) 212-13-49‬ 📲 , либо оставляйте заявку на сайте💻";1533826150;21;8226403571;False;мквподарок
BmVcw3hjjdr;"Всем привет! 👋
Решила розыграть МК по #топ_мерилин_от_nur 
Условия просты!
☘️быть моим подписчиком;
☘️написать под этим постом «хочу МК» и указать одного друга, кому это может быть интресно;
☘️количество комментариев не ограничено;
☘️если у вас уже есть МК топа «Мерилин» , при условии победы, выбираете любой другой мой МК в 🎁 
_____ 
Победителя будет 2!
Итоги буду подводить во вторник 😉!
Желаю вам удачи 🌺
#мквподарок #мк #топ_мерилин_от_nur  #вяжу #вяжудлявас #вяжумосква #вяжувсегда #вяжуназаказ #пишумк";1533983077;234;5769646583;False;мквподарок
BmarW2dDOul;"Всем привет🙌
☕️🍩☕️🍩☕️
Отсняла я Вам интересный и очень простой мастер-класс, думаю пончики любят многие😀Давайте его свяжем вместе?
❤️Прошу поставить сердечко за мои труды😘и сохраняем, чтобы не потерять😊
Итак, начинаем👏
🍩МК ""Пончик""🍩(фото 1)
Набрать цепочку из 20 воздушных петель, замкнуть в кольцо (фото 2)
1 ряд: 20 сбн вяжем за одну полупетлю (фото 3)
2 ряд: 20 сбн (фото 4)
3 ряд: (1 сбн, приб) х 10 раз (фото 5)
4-5 ряд: 30 сбн (фото 6)
6 ряд: (1 сбн, приб) х 15 раз
7 ряд: (2 сбн, приб) х 15 раз (фото 7)
8-10 ряд: 60 сбн (фото 8)
Продолжение далее...";1534158500;513;2156612531;False;мквподарок
Bmas-lfDzYe;"🍩МК ""Пончик""🍩(фото 1)
Продолжение:
Приступаем к вязанию второй половинки пончика(вяжем из другого цвета). Первый ряд провязываем за вторую стенку петли изначальной цепочки (фото 2).
Вторая сторона пончика вяжется так же как первая (смотрим сл. фото).
Затем следует сшить иглой две половинки, оставить отверстие, наполнить не плотно синтепухом (отверстие пока не зашиваем).
Продолжение следует...";1534159350;354;2156612531;False;мквподарок
BmbX43EHbhc;"СДЕЛАЙ СКОРЕЕ СКРИНШОТ :)
⠀
Какая тебе попалась тема? Мне — «в лес за грибами» 😊 Нет-нет, это не список того, что надо успеть до конца, а наш новый мини-конкурс 💜
⠀
Приз — любой мастер-класс по выбору победителя!
⠀
Так вот, что на твоём скриншоте? Тема для рисунка! Материал и формат — по выбору, мы не ограничиваем, будем только рады увидеть ваши эксперименты. Срок — до вечера воскресенья, 20 августа с утра подведём итоги и выберем победителя случайным голосованием.
⠀
Правила участия:
✿ Быть пописанным на аккаунт @studio_paspartu
✿ Поставить лайк этому посту
✿ До 23:59 по мск 19 августа выложить пост в своём инстаграме с рисунком на выпавшую тему
✿ Отметить в посте наш аккаунт, например: «моя работа для летнего конкурса @studio_paspartu»
✿ Написать в комментариях к этому посту «готово»
✿ Если ты не выполнил даже одно из условий — мы так не играем ;)
✿ Мы не сможем проверить, сколько раз ты сделал скриншот — это на твоей совести ;)
⠀
Условия получения приза:
✿ Мастер-классы проходят в одной из трёх мастерских в центре Москвы (не онлайн)
✿ Сходить на мастер-класс победитель должен до 15 сентября ;)
⠀
Мы в азарте! Бросились рисовать вне конкурса свои выпавшие темы тоже. Хэштэг #studiopaspartu_конкурс_лето по желанию 🌸 Ждём ваших работ, друзья!";1534181864;115;1533013588;True;мквподарок
Bmgcpw6lELm;"Repost @5nogotkov: 🎁ДАРИМ  кое-что МЕГА-полезное 👌
➡ Видеоурок ""Скоростные дизайны ногтей""
⠀
❗Вы узнаете:
▶ как работать в технике  Китайская роспись
▶ как правильно набрать краску на кисть
▶ как добиться плавного перехода цвета
▶ как создавать эффектные дизайны при минимальных затратах времени
‌
🎁За подарком переходите  аккаунт 👉 @5nogotkov и оставляйте заявку ❤️
.
#КЛУБ_5НОГОТКОВ#МаринаЩеглова#5ноготков#5nogotkov#мквподарок #мкногти#суперакция 💖";1534352128;31;1822419548;True;мквподарок
Bmh-GK1DYRo;"Доброе утро, дорогие девочки! 🌺
Сегодня я проснулась и увидела 3000 подписчиков. 😱Сказать, что я была рада – ничего не сказать! ❤️
Спасибо вам всем большое, за то что вы со мной. И спасибо за вашу поддержку! 
Для меня очень важно знать, что я кому-то интересна и могу научить чему-то новому. 
У меня для вас целых три новости! 🍃1. В честь такой круглой цифры я решила сделать скидку 30 % на все свои мастер-классы. Скидка будет действовать до конца сегодняшнего дня. 🍃 2. А на фото проект по которому будет бесплатный совместник с призами. Ждёте? 🍃3. Завтра мы начнём вязать #повязка_корона_от_нур 👏🏻👏🏻
#вяжем_с_nur #мквподарок #вяжу #вяжумосква #вяжувсегда #вяжудлявас #вязаниеспицами";1534403206;560;5769646583;False;мквподарок
BmjB9CTj3ds;"Repost @5nogotkov: 🎁Сегодня ДАРИМ  кое-что мега-полезное 👌
➡ Видеоурок ""Скоростные дизайны ногтей""
⠀
❗Вы узнаете:
▶ как работать в технике  Китайская роспись
▶ как правильно набрать краску на кисть
▶ как добиться плавного перехода цвета
▶ как создавать эффектные дизайны при минимальных затратах времени
‌
🎁За подарком переходите  аккаунт 👉 @5nogotkov и оставляйте заявку❣️";1534438797;2258;5603760229;True;мквподарок
BmjBjxnBHHo;"Repost @5nogotkov: 🎁ДАРИМ  кое-что МЕГА-полезное 👌
➡ Видеоурок ""Скоростные дизайны ногтей""
⠀
❗Вы узнаете:
▶ как работать в технике  Китайская роспись
▶ как правильно набрать краску на кисть
▶ как добиться плавного перехода цвета
▶ как создавать эффектные дизайны при минимальных затратах времени
‌
🎁За подарком переходите  аккаунт 👉 @5nogotkov и оставляйте заявку❣️
.
#КЛУБ_5НОГОТКОВ#МаринаЩеглова#5ноготков#5nogotkov#мквподарок #мкногти#суперакция";1534438587;113;628865793;True;мквподарок
BmqwCcDhCLB;"..
..
☺️🎓 Здравствуйте, друзья!
Сегодня - уже традиционный воскресный отчёт о наших еженедельных мастер-классах.
..
☺️🔮 На прошедшей неделе большой популярностью у наших гостей пользовались флорариумы в шаровидных вазах.
..
🔮🔮 Наша подписчица Валерия сделала аж сразу две композиции - одну для себя, а другую в подарок🎁.
..
☺️👍 Детям тоже очень нравится делать красоту своими руками, тем более, в такой весёлой атмосфере.
Посмотрите, какие симпатичные и разные композиции получились у Арины, Сони и Валерии ➡️.
..
☺️🎓 Записывайтесь на наши мастер-классы по телефону:
8 918 506 5 506.
..
💰 Стоимость МК - от 1500₽ и зависит от выбранной вазы и композиции.
..
👉#мастерклассы_zasteklom
👉#своимируками_zasteklom ——————————————————
«Лавка чудес ZASTEKLOM» - мастерская необычной флористики и подарков.
Ул. Социалистическая, 211. В двух шагах от Театральной площади.
.................................................................
Режим работы:
ВТ-ВС с 12:00 до 20:00
ПН - выходной
📲 8 918 506 5 506
..
..";1534697825;334;3183075762;False;мквподарок
Bmv6tASn73o;"Repost @5nogotkov: 🎁Сегодня ДАРИМ  кое-что мега-полезное 👌
➡ Видеоурок ""Скоростные дизайны ногтей""
⠀
❗Вы узнаете:
▶ как работать в технике  Китайская роспись
▶ как правильно набрать краску на кисть
▶ как добиться плавного перехода цвета
▶ как создавать эффектные дизайны при минимальных затратах времени
‌
🎁За подарком переходите  аккаунт 👉 @5nogotkov и оставляйте заявку❣️";1534871201;2202;5608460354;True;мквподарок
BmvaohJAB17;"❓Что же такое BODO❓
⠀
🎁Bodo — эксперт в сфере впечатлений👍
🎁Мы создаем продукт, который сами очень любим😍
🎁Мы развиваемся и меняемся, чтобы наполнить яркими впечатлениями каждый день нашей жизни.✨
🎁Мы постоянно совершенствуем наш сервис и работаем на европейском уровне😎
⠀
✅Пишите в Директ📩и присоединяйтесь к огромному количеству  людей, которые в восторге от впечатлений BODO😉";1534854375;35;8226403571;False;мквподарок
Bmxe6t6hVrJ;"Доброе утро!☀️
Половина недели прошла и это не может не радовать 😍
⠀
Если у вас намечается праздничное событие, напишите нам, мы подберем самый лучший вариант😉
⠀
🎁Добавь от 1 до 10 впечатлений в набор
🎁Выбери удобный способ доставки и оплаты
🎁Подари впечатления в красивой коробке или отправь e-mail
⠀
Есть вопросы?👉
Для заказа пишите в Директ 💌, звоните по телефону ‭+7 (495) 212-13-49‬ 📲 , либо оставляйте заявку на сайте💻";1534923730;45;8226403571;False;мквподарок
BnDKSSJD6um;"Хочу бесплатное описание #детскийкомбинезон_с_косами от @ilove_knit

#вязаниемоехобби #мквподарок #детскийкомбинезон_с_косами #strickenmachtglücklich #stricken #strickmütze #strickenfürkinder #knitstagram #instakniter #handmade #garnstudio";1535516893;51;5765609636;False;мквподарок
BnQawPAhJfT;"ВОТ ЭТО ДА!
.
УРА!🎉НАШ ОСЕННИЙ СУПЕРРОЗЫГРЫШ ДЕВЯТИ ПРИЗОВ ЗАПУЩЕН!🍁🍂🍁
⠀⠀
Приглашаем Вас принять участие в розыгрыше этих замечательных подарков от наших прекрасных спонсоров:
🎈@u.s.knitting плюшевая обезъянка-держатель штор.
🎈@hobbirk.ru стильное воздушное колье.
🎈@sun_knit интерьерная корзинка на заказ или любой  МК.
🎈@air_toys милый вязаный зайка.
🎈@gamirovaeg потрясающая вязаная чалма или все МК(на выбор победителя).
🎈@savanali_toys милая вязаная кукла.
🎈@knit_n_kot яркий и стильный вязаный бактус.
🎈@timari.knits модная вязаная шапка.
🎈@dilyarka_gamirova 5 открыток и красочная иллюстрация на заказ.
⠀⠀
Условия простые: подписка НА ВСЕХ СПОНСОРОВ и оставить любой комментарий под постом с розыгрышем у того спонсора, чей подарок Вы хотите  получить! Профиль на время розыгрыша должен быть открыт!
⠀⠀
Хотите все призы? Оставляйте комментарии у каждого спонсора!
Количество комментариев не ограничено!
⠀⠀
Доставка призов по РФ за наш счёт!
⠀⠀
Итоги розыгрышей будут подведены:
⠀
9 сентября в профилях: @knit_n_kot @sun_knit  @dilyarka_gamirova @u.s.knitting .
⠀⠀
10 сентября в профилях: @gamirovaeg @hobbirk.ru @air_toys @savanali_toys
 и @timari.knits .
⠀⠀
Желаем всем удачи😘
⠀⠀
P.S. Профили, созданные специально для розыгрышей, участвовать не могут.";1535961735;323;3994398391;False;мквподарок
BnS5lOsDMzp;"РОЗЫГРЫШМАСТЕР-КЛАССА МИШКА ТОПТЫЖКА И НАБОРА ДЛЯ ВЯЗАНИЯ МЕДВЕДЯ у @wizard.maria
.⠀
ЦЕЛЫХ 3 ПОБЕДИТЕЛЯ💥Выберет генератор случайных чисел 10 сентября вечером около 22-00 по мск
.⠀
💥Первый победитель получит Мастер-класс в формате PDF и набор для вязания Мишки⠀
💥Второй и третий победители Мастер-класс в формате  PDF и скидку 50% на приобретение набора для вязания Мишки⠀
.⠀
Условия участия⠀
1️⃣Быть подписанным на меня @wizard.maria⠀
2️⃣Указать в комментарии порядковый номер и пригласить друга
.
Подробности на странице @wizard.maria
.
#розыгрыш #розыгрышмк #мкмишка #мастеркласс #розыгрыши #купитьмк #мкигрушка #мквязание #мкпоигрушкам #выйгратьмк #розыгрышмастеркласса #мастерпоигрушкам #каквязатьигрушки #каксоздаватьигрушки #игрушкиручнойработы #выйгратьмк #подарки #мквподарок";1536045006;128;5254508739;False;мквподарок
BnS5nWBDxjA;"РОЗЫГРЫШМАСТЕР-КЛАССА МИШКА ТОПТЫЖКА И НАБОРА ДЛЯ ВЯЗАНИЯ МЕДВЕДЯ у @wizard.maria
.⠀
ЦЕЛЫХ 3 ПОБЕДИТЕЛЯ💥Выберет генератор случайных чисел 10 сентября вечером около 22-00 по мск
.⠀
💥Первый победитель получит Мастер-класс в формате PDF и набор для вязания Мишки⠀
💥Второй и третий победители Мастер-класс в формате  PDF и скидку 50% на приобретение набора для вязания Мишки⠀
.⠀
Условия участия⠀
1️⃣Быть подписанным на меня @wizard.maria⠀
2️⃣Указать в комментарии порядковый номер и пригласить друга
.
Подробности на странице @wizard.maria
.
#розыгрыш #розыгрышмк #мкмишка #мастеркласс #розыгрыши #купитьмк #мкигрушка #мквязание #мкпоигрушкам #выйгратьмк #розыгрышмастеркласса #мастерпоигрушкам #каквязатьигрушки #каксоздаватьигрушки #игрушкиручнойработы #выйгратьмк #подарки #мквподарок";1536045023;70;5676634438;False;мквподарок
Bnf5KxZHHH0;"Кому подарки? Сегодня воскресенье и я решила порадовать вас подарками 💕
⠀
Дарю МК сумочки и ободка за репост!
⠀
🌾Условия участия просты
⠀
🌾Быть подписанным на меня
⠀
🌾Лайк публикации
⠀
🌾Репост с подписью « хочу МК от @«
⠀
🌾И написать под фото «условия выполнила , хочу МК»
⠀
Буду рада всем заинтересовавшимся 😘
Хороших вам выходных .
Кто чем занимается ?
—
#мк #мквязание #мккрючком #мкповязанию #вяжусумочки #вяжукрючком #люблювязать #мквподарок #дарю #мкзарепост #мкдетям #knittedhat #knittingbaby #watchallongiv #knittingmasterclass #воскресеньеосенее #детскийкомплект_мкavtornata";1536480997;337;3564765872;False;мквподарок
BnoXTEqjcMT;"❌стоп комментарии ❌
Всем привет! 👋
Решила розыграть МК по #sweer_cherry_от_nur
Условия просты!
☘️быть моим подписчиком;
☘️написать под этим постом «хочу МК» и указать двух друзей, кому это может быть интресно;
☘️количество комментариев не ограничено;
☘️если у вас уже есть МК пуловера «Sweet cherry”, при условии победы, выбираете любой другой мой МК в 🎁 
_____ 
Победителя будет 3!
Итоги буду подводить в эту пятницу😉!
Желаю вам удачи 🌺
#мквподарок #мк  #вяжу #вяжудлявас #вяжумосква #вяжувсегда #вяжуназаказ #пишумк #розыгрышмк #instatrening @dimani";1536765229;670;5769646583;False;мквподарок
BnpkZzWlFQ4;"Месяц назад меня пригласили провести необычный мастер класс по макияжу и локонам для девушек-подростков. Такой мастер класс был подарком для именинницы от дяди🎁!⠀
⠀
На МК я немного рассказала девушкам об обязательном уходе за своей кожей☝️. Мы поговорили о цветовом круге и цветотипах, о правилах сочетания цветов в макияже и одежде🌈.⠀
⠀
Затронули тему архитектуры бровей и важности первого оформления своих бровок у профессионального мастера 🤗(т.к. ни для кого не секрет, что чаще всего мы превращаем свои брови в «ниточки»😬 именно в подростковом возрасте).⠀
⠀
Обсудили различные формы глаз и учились рисовать стрелки👁.⠀
⠀
После чего я показала технику накрутки локонов с помощью утюжка и плетение эффектных кос на основе жгутов.⠀
⠀
Мне очень понравился формат👌, в котором я провела этот мастер-класс и девчонки были в полном восторге😍, так как они имели возможность не только смотреть и слушать, но и отрабатывали все элементы вместе со мной🤩!⠀
⠀
Если у вас возникло желание провести свой День рождения или День рождения  дочки в подобном формате, а может быть вы не знаете чем увлечь подруг на девичнике, то я с радостью проведу для вас подобный мастер класс👯‍♀️!⠀
⠀
Пишите/звоните и мы обсудим все детали! 📲89879049309⠀#мк #мксамара #учусьулучших #учисьулучших #мквподарок #девичниксамара #подароксамара #мкнаденьрождения #мклоконы #мкмакияж #красота_от_натали👸#организацияпраздников #праздниквсамаре #организатормероприятий #прическасамара #макияжсамара";1536805654;38;7482907935;False;мквподарок
BnvGDGAhqjS;"Малышка ростом 20 см выполнена на заказ. Не продается.
Вы думаете , что подарить к празднику ? 
Предлагаю вам сделать куклу на заказ !!!
Прекрасный подарок к любому празднику !!!
.
#dolls_svetlana 
#кукланапраздник 
#кукланазаказ 
#подарокдочке 
#мквподарок";1536991066;329;1440396618;False;мквподарок
Bo8cm9IA_sw;"Дорогие подписчики, объявляем АКЦИЮ* на мастер-классы по живописи!

Если вы давно мечтали попробовать рисовать акрилом или акварелью, этот час настал 😏 ловите момент!
Разбавьте вступающую в силу серую осень яркими красками, устройте себе цветотерапию.🌈 или наоборот дайте волю грусти и прочувствуйте ее в творческом порыве.🎨
*количество мест ограниченно. 💥МК по живописи акрилом (для новичков и продолжающих) 
Всего 1200 р (!!!) за 3х часовое занятие! Включено все- холст размера А3, материалы, инструменты, помощь мастера! Картина на ваш выбор.
📅Вторник 16/10 - 18.00 и Воскресенье 21/10 - 17.00 💥 МК по живописи акварелью(для новичков и продолжающих) 
Всего 1000 р (!) за 2х часовое занятие по живописи. Включено все: спец. бумага размер А4, материалы, инструменты, помощь мастера! Картина на ваш выбор.
📅Четверг 18/10 - 18.00 и Воскресенье 21/10 - 15.00";1539586586;535;5688708100;False;мквподарок
BoPvRFMADXX;"Квадраты бывают разные 🔳◼◻⬛ Особенно "" бабушкин "" 😉 .
Заходи к @poufpeople и научишься идеальному - ровному 👍 и с незаметными переходами 👌
.
#мквподарок #бабушкинквадраткрючком #секретывязания";1538086788;61;1934314063;True;мквподарок
BoRmO33ltaV;"Добрый вечер, рукодельницы!💖
А у нас снова розыгрыш!

Мы -  @pryazha_market и @elena_aprelskaya - решили провести лотерею!

Приз от Елены - мастер-класс #варежка_варЮшка, который поможет вам полюбить создание варежек, согреть всю семью и окружающих!

Приз от меня - комплект из 6 чудесных открыток (на выбор победителя), способных покорить каждую рукодельницу и оживить любую фотографию!

Условия предельно просты:
💥 быть нашим подписчиком;
💥 поставить ❤ обоим постам;
💥 написать «Участвую» в комментариях (для участия в розыгрыше открыток, пишите Участвую у @elena_aprelskaya, описания варежек - у @pryazha_market). Каждому комментарию будет присвоен порядковый номер.
Розыгрыши пройдут в прямом эфире, 4 октября.

Итак, настарррррррт... ищите такой же пост у Лены!

Если Вам не везёт в розыгрышах, не беда! 
Всем участникам розыгрыша - скидка 40 процентов на все мастер-классы @elena_aprelskaya до 6 октября включительно!

Комплект открыточек собрать тоже не сложно, ведь @pryazha_market кладёт открыточку в подарок в каждый заказ с пряжей! 
Скидки и акции не суммируются.
Мастер-классы, вышедшие после этой публикации, в акции не участвуют.

#розыгрыш #giveaway #giveaways #мквподарок #бесплатныймк #армия_вязальщиц #открыткивподарок#откоыткивязальщиц";1538148791;290;3815607557;False;мквподарок
BoUJnlZDN5e;"Уррррра!!!! 🎉
С утра получила свой Приз и мне так не терпится поделиться радостью о выигрыше! 🎁
Спасибо за конкурс и шикарный подарок @gamirovaeg 🌹 Ниточки загляденье 💕, цвет👍И отдельное спасибо за суперский Мастеркласс по шапочке ""Queen"" и нежную вязальную открытку
З.ы. влюблена в ваши чалмы 😍

#вязальныйрозыгрыш
#пряжавподарок #мквподарок #открыткивподарок";1538234452;56;1434703698;False;мквподарок
BoV7f4fjodt;".
ПРИЗ-4 🎁
.
Сертификат на сумму 700 рублей, которым можно оплатить мастер-классы мастера @marina_vinogradik или до 50% стоимости готового изделия.
На фото шапочки из 100% мериносовой шерсти (Италия)
Размеры: нежная роза 52-53, холодный розовый 53-54, и серый меланж 53,5-54,5
#дариммастерклассы #мквподарок #даримскидку #даримподарки #розыгрышпризов #даримбесплатно #мкбесплатно #бесплатныемк";1538294158;65;7609459036;False;мквподарок
BojsXWhnZQw;#мквподарок #подарочныймк #холстмасло #живописьмаслом #урокирисования #урокирисованиядлядетей #стрижиновосибирск #новосибирск #oilpainting #oilcanvas #oilcolors #art🎨 #artist;1538755986;54;5356345858;False;мквподарок
BopZZOIjw12;Всем привет!!!меня зовут Татьяна (для тех, с кем я ещё не знакома)не смотря на поздний час я решила написать этот пост, а всё потому, что сегодня я выйграла МК на супер-крутую игрушку от @livatoys !ура!ура!ура! Спасибо Вам, Лилия, за Ваш труд в составлении мк, мне уже нетерпиться по-скорее начать вязать этого красавчика, ну а кто это будет, вы все скоро увидите, вот только свяжу еще парочку обещанных заек🐰🐰🐰#вяжутнетолькобабушки#моехобби#мквподарок#ярада#спасибо#будувязать#крутаяигрушка#ойчтобудет;1538947366;89;8623956933;False;мквподарок
BoyWn_YjdHl;"ДАРЮ ЛЮБОЙ МАСТЕР-КЛАСС🤲
.
Приветик🤟
Хотите мк бесплатно? В подарок?
Тогда участвуйте в розыгрыше😊
Условия очень простые:
1️⃣ Вы должны подписаться на этот профиль и @igrushki_kroshke
2️⃣ И поставить лайк ♥️ на 3 последних поста в обоих профилях.
3️⃣ Написать в комментариях
""Хочу мк и зову......"" Нужно указать одного друга, которому будет интересно.
Можно оставлять любое количество комментариев✍️
.
Вот и всё👌
Сложно?
Конечно же нет😉
🎆А 14 октября, в прямом эфире я рандомно выберу 2 победителя🎁
Мк можно выбрать любой😘
Посмотреть можно здесь @puchkova.mk .
Удачи всем♥️♥️♥️";1539247904;156;4485415550;False;мквподарок
Bp1IOFlFkgK;"МАЯК
немного таинственный, завораживающий и манящий!
.
НЕ каждый может побывать и посетить такой.
А вот нарисовать и оставить себе на память может ЛЮБОЙ!

11.11 в воскресенье в 13.00 ждем вас в @teplo.weekend на живопись! Тема - МАЯК😉
. 
Приходи сам и приводи друга! 
Стоимость 1000 р (все включено)
Предварительная запись обязательна по ☎: 960-24-15 или напиши нам в Директ. 
Записываемся и вносим предоплату 50%
.
#teplo_weekend #teplo_мк";1541488499;17;5930539458;False;мквподарок
Bp4N9vmFFhh;"ГОТОВЫ к СОТРУДНИЧЕСТВУ
c творческими, интересными мастерами, которые готовы делиться и передавать свои умения другим!🙌
⠀
Мы предоставим Вам пространство для проведения:
🔸мастер-классов,
🔸лекций,
🔸семинаров,
🔸встреч,
🔸уроков
⠀
У нас уютно, тепло, чисто, просторно, светло и чай с печеньками в вашем распоряжении 😋
Фото нашего пространства можете посмотреть тут https://vk.com/album-152400490_251625016
⠀
Сделаем анонсы ваших EVENTов (встреч😉) в наших группах:
VK - https://vk.com/teplo.weekend
IG - https://www.instagram.com/teplo.weekend/
⠀
Пишите в Директ или звоните по ☎: 960-24-15 обсудим все организационные моменты и варианты сотрудничества☺️
⠀
#teplo_weekend #teplo_мк";1541592174;13;5930539458;False;мквподарок
BpM4ydOneIz;"..
..
☺️🎓 Друзья, мы продолжаем запись на наш мастер-класс.
..
☺️🌵Что вы получите на мастер-классе:
🌵Флорариум, сделанный своими руками
🌵Прекрасно проведённое время в компании творческих единомышленников
🌵Возможность задать интересующие вас вопросы нашему мастеру
..
💰Стоимость мастер-класса зависит от выбранной вами композиции. Листайте карусель и увидите возможные варианты.
💸 Шар 15 см - 1,5 тр
💸 Шар 23 см - 3,5 тр
💸 Куб - 3 тр
💸 Капля 30 см - 4,5 тр
💸 Икосаэдр - 4,3 тр
💸 Додекаэдр - 4,3 тр
..
☺️🌵От вас потребуется лишь хорошее настроение и желание творить, остальное мы обеспечим😉
..
☺️🌵 Ждём вас 27.10.18 в 17.00 в нашей лавке по адресу Социалистическая 211.
..
#мастерклассы_zasteklom
#своимируками_zasteklom
——————————————————
«Лавка чудес ZASTEKLOM» - мастерская необычной флористики и подарков + магазин суккулентов🌵🌿
г.Ростов-н/Д, ул. Социалистическая, 211. В двух шагах от Театральной площади.
📲 8 918 506 5 506
.................................................................
Режим работы:
ВТ-ВС с 12:00 до 20:00
ПН - выходной
..
..";1540138231;265;3183075762;False;мквподарок
BponJmoFIgU;"1 ноября! Первый день последнего месяца Осени🍁🍂❄
Сегодня Международный день вегана☝ Есть у нас тут такие?
⠀
В современном мире много различных религий, убеждений и жизненных принципов, Но ТВОРЧЕСТВО всех объединяет!🙌
⠀
Спешим Вас позвать на творческие мастер-классы в ноябре😃 в @club152400490 (пространстве «Teplo.Weekend» СПб) по адресу📍пр.Кима 6 оф.333
⠀
🍁 9 ноября (пятница) в 17.00
Игрушка ""Добрый лесной зверек"" в технике сухое валяние🐰
🍁 11 ноября (воскресенье) в 13.00
Акриловая живопись. Тема: Маяк.🗼
🍁 13 ноября (вторник) в 18.00
Мыловарение. Учтем все ваши пожелания по форме, цвету и запаху🍉
🍁 17 ноября (суббота) в 17.00
""Витражи Тиффани"". Брошь. После Ваш образ заиграет по-новому🔆
⠀
А наши любимые МК Мыловарение, String Art, Восковые свечи или Свидание в стиле Fluid Art вы можете заказать в любое удобное для вас время или сделать как часть вашего праздника @Teplo.Weekend 🤗
⠀
Все подробности по ☎: 960-24-15 или пишите в Директ
⠀
#teplo_weekend #teplo_мк";1541068507;33;5930539458;False;мквподарок
Bq1quNhHCNr;"Если вы смотрите на это фото, а внутренний голос говорит:
Как же красиво!
Вы попали по адресу. Изучив определённые техники на мастер- классах по состариванию предметов интерьера, вы сможете превратить из нового в старое, а из старого в новое 🎨
Волшебство с красками @dariageiler_shop в декабре #мк_заполянскойдекабрь

2 декабря МК
""Объёмная плитка""
12.00.-15.00
Стоимость 60 BYN
Из обычной керамической плиточки вы создадите фантазийное Панно.
Поработаете с текстурной пастой, научитесь создавать объёмный рисунок.

7 декабря МК
"" Зеркало-Окошко""
14.30-18.00
Стоимость 75 BYN
Как превратить обычный фасад в предмет интерьера в виде необычного Зеркала?
Приходите на данный МК.

9 декабря МК
""Подсвечник""
12.30-15.00
Стоимость 45 BYN
Если решите сделать пару - 80 BYN.
Подсвечник как декор для Нового года идеален.

16 декабря МК
""Ставни""
12.00-15.30
Это новый МК
Ставни в рождественский веночком
Подробнее @art.zapolyanskaya
Стоимость 75 BYN

23 декабря МК
"" Индонезийская лодочка""
12.30-16.00
Стоимость 55 BYN
Вы изучите технику состаривания в стиле Индонезийской лодки и
создадите лодочку органайзер.

26 декабря МК
""Тортовница""
14.30-17.00
Стоимость 65 BYN

Даже если вы никого не  держали кисть в руке, у вас всё получится.
Максимальное количество человек 4 на один МК. А это значит, что я каждому уделю время.
Все материалы входят в стоимость. Место проведения:
Куйбышева 22 мастерская @zapolyanskaya.tatyana

Записывайтесь в direct и по телефону :
+375291518796 Татьяна.";1543654071;127;1740942251;False;мквподарок
BqH1sp4lfpj;"Как сделать БРОШЬ своими руками?
⠀
Легко! Если придешь к нам на мастер-класс в субботу 17 ноября в 17.00😉
⠀
Будем делать брошь в технике Тиффани - модное сочетание металлической проволоки и цветного стекла✨
Представляете как такая стильная брошка красиво будет смотреться на костюме или балдоне? А может Подберете цвет стеклышек под пальто или шарф?
⠀
Что выберете: Птичку🐧 или Лису🐱?
⠀
Начало: 17.11 в 17.00
Адрес: пр.Кима 6, оф.333 (7 мин от м.Приморская)
Стоимость: 800 р (все включено👌)
⠀
Предварительная запись обязательна по ☎: 960-24-15 или пишите в Директ.
Записываемся и вносим предоплату 50%
⠀
#teplo_weekend #teplo_мк";1542116322;24;5930539458;False;мквподарок
BqHDA-sjZ06;"Не все знают, но у нас есть официальный сайт🧐
👉🏻 www.shkatulochka_com
Все зарегистрированные пользователи нашего сайта уже в субботу получили приятный подарочек🎁 - мастер-класс Ольги Демьяновой @demyanova.olga по изготовлению тыковки!
И если вы ещё не подписаны, то смело переходите по ссылке в шапке нашего профиля☝🏻и авторизуйтесь, чтоб тоже лакомиться плюшками🤗";1542089750;281;2208634626;False;мквподарок
BqIIvdkBn37;"#Repost @cinnabon_events with @make_repost
・・・
Друзья,  в эту субботу совместно с @lavka_zasteklom  мы будем делать с вами настоящий флорариум!🌱
⠀
Когда за окном снег и холода, так хочется,  чтобы что-то напоминало о тепле. Красивый минисад - это настоящее спасение в столь морозные дни.❄️
⠀
Флорариум может стать изысканным украшением для любого интерьера. А так же - это оригинальный вариант подарка для самых близких.🎁
⠀
Что вы получите на мастер-классе:
🌵Флорариум, сделанный своими руками
🌵Прекрасно проведённое время в компании творческих единомышленников
🌵Возможность задать интересующие вас вопросы нашему мастеру
⠀
💰Стоимость мастер-класса зависит от выбранной вами композиции. Листайте карусель и увидите возможные варианты.
💸 Шар 15 см - 1,7 тр
💸 Шар 23 см - 3,7 тр
💸 Куб - 3,3 тр
💸 Капля 30 см - 4,7 тр
💸 Икосаэдр - 4,5 тр
💸 Додекаэдр - 4,5 тр
⠀
От вас потребуется лишь хорошее настроение и желание творить, остальное мы обеспечим.⭐️
⠀
📆 17 ноября ⏰15:00⠀⠀⠀⠀
📍  Большая Садовая 64
⠀
Записаться на МК можно по телефону ☎ 8 (863)269-87-38
⠀⠀⠀
#синнабонрнд #пекарняростов #вкусныйкоферостов #мкростов #liveсinnabon #кулинарныймкростов #мкростов #детиростов #снегростов #кудапойтиростов #кудасходитьвростове #кудаидемростов #афишаростов #аниматорыростов #снегвростове #творчестворостов";1542126306;236;3183075762;False;мквподарок
BqP3ArpjCsV;"🐷 И мы начинаем с вами вязать свинок в бесплатном онлайне #заведи_свинку 
По одному описанию ⤵️можно связать и свинку-шарик, и свинку-игрушечку.

Вариант 1. СВИНКА-ШАРИК. 
Ссылка на видеоурок в профиле.

Условные обозначения.
КА – кольцо амигуруми
Сс – соединительный столбик
Ст бн – столбик без накида
Пр – прибавка
Уб – убавка
*6 – сколько раз нужно повторить указанное в скобках ( )
(8), (16)… - количество петель в ряду

ВЯЖЕМ ГОЛОВУ.
Кольцо амигуруми, в него набираем 
1 ряд - 6 СБН (6)
2 ряд – прибавки в каждую петлю (12)
3 ряд – прибавки через 1 петлю (18)
4 ряд - прибавки через 2 петли (24)
5 ряд – прибавки через 3 петли (30)
6 ряд - прибавки через 4 петли (36)
Дальше я вам показываю, как еще может выглядеть описание вязания игрушек.
7 – 12 ряды- вяжем 6 рядов по 1 ст бн в каждую петлю (36)
13 ряд - убавки через 4 петли (30)
14 ряд - убавки через 3 петли (24) 
15 ряд - Убавки через 2 петли (18) Вкладываем наполнитель.
16 ряд - убавки через 1 петлю (12) 
17 ряд - убавки подряд (6)

Нить отрезаем,вставляем в иглу и стягиваем отверстие, проведя иглу под передние стенки петель последнего ряда. Кончик нити прячем внутри вязания, проведя несколько раз в разные стороны.

ВЯЖЕМ УШКИ.

Кольцо амигуруми, в него набираем 
1 ряд – 6 ст бн (6)
2 ряд – по 1 ст бн в каждую петлю (6) Выворачиваем ушко лицевой стороной наружу.
3 ряд – 3 прибавки, через 1 петлю (9)
4 ряд – 3 прибавки через 2 петли (12)
5 ряд – 3 прибавки через 3 петли (15)
6 ряд- 7 ряд – 2 ряда вяжем по 1 ст бн (15)
8ряд – убавки через 1 петлю (10)
Заканчиваем сс, нить отрезаем, оставляя кончик около 15 см для пришивания к голове.

ВЯЖЕМ ПЯТАЧОК.

Набираем 3 вп, вяжем 1 ряд - начиная с 2-ой от крючка петли 3 ст бн в одну петлю, в начальную петлю 6 ст бн, с другой стороны цепочки 3 ст бн (12)
2 ряд - делаем прибавки через 1 петлю (18)
3 ряд – вяжем за заднюю стенку петли по 1 ст бн(18) Заканчиваем сс, нить отрезаем, оставляя кончик около 15 см для пришивания к голове.

СОЕДИНЕНИЕ ДЕТАЛЕЙ ИГРУШКИ.

ОБЯЗАТЕЛЬНО наметьте положение деталей булавками. 
Пришиваем пятачок, вкладываем наполнитель.
Пришиваем по кругу ушки. 
Намечаем положение глаз и пришиваем их.

Любуемся хрюшкой! #вяжемвместесmajja
#мастерклассmajja";1542385446;288;1090076976;False;мквподарок
BqUeLswlDAr;"В нашем Творческом пространстве @Teplo.Weekend недавно родились удивительные сказочные Лесные Звери😃🐻🐼
⠀
Мы творили Сказку! Каждый свою! Каждый сделал своего зверька в своем цвете, со своими эмоциями и характером😇
⠀
Но это не просто Зверек, а Брошка, которая сделает любой образ загадочным и привлекающим внимание!
⠀
ВНИМАНИЕ! Теперь конкурс На лучшее и оригинальное НАЗВАНИЕ такому ЛЕСНОМУ ЗВЕРЬКУ 😌
Приз - 🔥скидка 50% на любой наш МК в Тепло до конца 2018 года.👌🔥
Лучшее название будем выбирать путем голосования😉 через неделю 25 ноября в группе в ВК и результаты в сторис.
⠀
Свои варианты пишем в комментариях под этим постом! 👇
⠀
#teplo_weekend #teplo_мк";1542540201;27;5930539458;False;мквподарок
BqheHMpjuZ2;"Вчера у меня был особенный день 🎂, который добавил еще один годочек 🗓 в мою копилочку лет. И теперь на моем личном календаре📅 красивая цифра 33. Подарки🎁 и поздравления🎈 приняты и теперь я хочу сделать подарки вам. Поэтому, решила провести розыгрыш МК по костюму ""Снегурочка"". Победителя будет 3 и каждый получит МК совершенно бесплатно💰
Для этого нужно:
✔быть подписанным на @vjazanye_odezhki ;
✔поставить ❤ под этим фото;
✔отметить в комментарии двух подруг, не равнодушных к вязанию;
✔ НОМЕРОЧКИ БУДУ РАЗДАВАТЬ САМА, ПОТОМУ ЧТО ПОЛУЧАЕТСЯ ПУТАНИЦА.
И уже в это воскресенье 25.11.18г., при помощи генератора случайных чисел, я выберу 3-х счастливчиков 🎈🎈🎈 .
P.s.: девочки, которые уже успели купить МК по костюму ""Снегурочка"", так же могут принять участие в розыгрыше и в случае вашей победы, я верну вам стоимость МК. .
Список участников:
1. @evgeniya_xa
2. @mandarunka_perlunka 
3. @olga_chukina32 
4. @gulnar_handmade_
5. @knitting_by_mk
6. @zahfatmar
7. @melenaknit
8. @nadezdamakarova0212
9. @kate_and_crochet
10. @sahalru
11. @aneka_korn
12. @sofika_knit
13. @olia5833
14. @volkovajuliaaa
15. @olenkaerko
16. @tanushka_zlobina89
17. @liska_crochet
18. @yulkagolodnyak 
19. @tatiana.pryadka
20. @alin_bokh
21. @galla_mur_knit 
22. @yalonkin
23. @viola_tarak_0 
24. @nataliaivanova4396
25. @iriska661224 
26. @marusinizatei
27. @crochet_lace_irina
28. @lianissia 
29. @anastasiya_lauhina
30. @lenochka_amigurumi
31. @aleksandra_dybovec
32. @valerystoys
33. @viktoriiaskrypnikova 
34. @werona_
35. @bazlaika
36. @alexandra_brika
37. @natakyzmich 
#розыгрышмк #мастерклассповязанию #giveaway #розыгрыш #вяжудлядочки #новогоднийкостюмсвоимируками #вяжукрючком #мквподарок #бесплатныймк #маленькаяснегурочка #готовимсякновомугоду #новогодняяфотосессия #дочка";1542976372;299;2694949677;False;мквподарок
Bqhj_n7l0y7;"Кто сказал, что красивую вещь можно только купить? 🤔
⠀
Это неправда😌! Ведь в нашем творческом пространстве «Teplo.Weekend» мы творили волшебство из металла и стекла! 🙌💧
А в итоге каждый участник ушел домой со стильной брошкой и отличным настроением🦊🐦!
Можно ли с помощью паяльника сделать модный аксессуар? Еще какой☝👍👌👇
⠀
Из отзыва от одной из участниц МК:
""Это было потрясающе! Я как увидела анонс про такой мк, сразу же записалась и позвала подругу (вместе же веселее).
Когда пришли, наше место уже было подготовлено и мы начали немного с истории о Тиффани. Мастер Лада нам каждый этап работы пояснила и показала как действовать.
Кроме нас были еще мальчик и девочка и они были так рады всему процессу, особенно как плавится металл и стеклышки скрепляются в одну красивую фигуру😳)) Мне важен был результат работы, а им процесс) Результат (моя брошка) меня очень порадовал👍! Я заранее заказала цветовую гамму и мастер попала в точку, теперь брошка-птичка - мой главный аксессуар на зимний период😊 Спасибо, что проводите такие интересные и доступные каждому МК - приду еще😉""
⠀
#teplo_weekend #teplo_мк";1542979456;26;5930539458;False;мквподарок
Bqo_bAAhvoD;"Такое тёплое и нежное море получилось у Татьяны на моём  МК ⛱😎 И между прочим - это её первое 👏😍 Ставьте ❤ кому нравится МОРЕ!!
*
#мореголикбелгород #мореголик #мквподарок #resinart_ru";1543228717;71;7446546615;False;мквподарок
Bqp_3v_BpQc;"⠀
НУ ЧТО Ж! КВЕСТ!!!🌿
⠀
ПРИЗ - очень даже привлекательный! 1 билет на любой НОВОГОДНИЙ МК 🌲
⠀
Что делать?
🌿подписываемся на нас @school_of_flowers, если не подписаны, лайкаем этот пост, сохраняем, чтоб не потерять;
🌿 второе фото в карусели публикуем на своей странице в ИГ  с текстом ""Хочу в подарок новогодний мастеркласс от @school_of_flowers! и участвую в квесте!""
🌿отвечаем на 10 вопросов ниже 👇.
⠀
Побеждает тот, КТО БЫСТРЕЕ ВСЕХ ПРАВИЛЬНО ОТВЕТИТ НА ВОПРОСЫ КВЕСТА (с соблюдением правил выше 👆)
⠀
Вопросы:
⠀
1. Какими цифрами мы называем по-другому ЗАКОН ЗОЛОТОГО СЕЧЕНИЯ?
⠀
2. Гуру, наставник Алёны Куликовой (известный российский флорист). Его Школу флористического мастерства Алёна успешно окончила в 2009 году.
⠀
3. Дата самого первого поста  нашей Школьной страницы @school_of_flowers.
⠀
4. Какой пост получил максимальное количество лайков за всю историю нашей страницы в ИГ?
⠀
5. Латинское название цветка на КАРТИНКЕ 3.
⠀
6. В какой технике собраны букеты моими ученицами на КАРТИНКЕ 4?
⠀
7. Каким инструментом флорист режет ветки и толстые стебли?
⠀
8. Какой вид цветового сочетания представлен на КАРТИНКЕ 5?
⠀
9. Какой строительный материал используют флористы для фиксации грунта и растительного материала в вертикальных зеленых картинах?
⠀
10. Символом какой страны является растение на КАРТИНКЕ 6?
⠀
Ответы прописывайте через 1. 2. 3. и т.д. Так проще будет проверять ответы. И проверьте, чтобы все условия были соблюдены 🤞
⠀
Кто готов попробовать себя и свои знания? 🌿
Всем удачи! 🔥";1543262506;25;1907323338;False;мквподарок
BqwrLhxDO2X;"Наконец-то я сделала видео о сюрпризе, который получила не так давно. Спасибо @sirinks12 за позитив и подарочек. 🐖
Полная версия видео на моем канале ютуб, ссылка есть в профиле.
А поросеночек настолько поднял мне настроение и встряхнул, что я решила тоже сделать сюрприз подарочек своим подписчицам. Поросёнка у меня нет 🤔, зато 😀 есть 16 мастер-классов по вязанию.
Вот ими я и поделюсь!
Устрою розыгрыш. 🎆
А чтобы не запутаться в возможностях, выберем один самый популярный мк. Ставлю на голосование в опросе (ссылка на него в профиле) несколько видео мастер-классов. Счастливым может оказаться мк по вязанию тапочек, варежек, игрушки, сумки или мотивов для ирландского кружева и декора.
Итоги опроса подведу во вторник 4 декабря. Переходите по ссылочке и голосуйте. Победивший мк может достаться вам абсолютно бесплатно.
Мои мк можно увидеть на сайте в разделе интернет магазин (ссылка тоже в профиле) и по хештегу #ольгаингрия_мк

#розыгрышмастеркласса #сюрпризподруге #сюрприз #мквподарок #мквязание #мастерклассповязанию #урокивязаниякрючком #урокиповязанию #мкварежки #мктапочки #мкирландскоекружево #мкфриформ #каксвязатьсумку #каксвязать #каксвязатьварежки #каксвязатьигрушку #вязаниекрючком #вязаниефриформ";1543488120;167;3754667373;True;мквподарок
Br72VywFPQz;Всем привет! Вконтакте в группе Вышивальная клиника № 1 Дед Мороз раздает подарки 🎁 заходите на огонёк 💃 #подарок#мквподарок#защитныеварежки#вышивка#вышивкакрестом#вышивальнаяклиниканомеродин#шьюсама#аксессуарыручнойработы;1546008973;15;4547620931;False;мквподарок
Br7zUeBjEU3;"Дорогие друзья ! Мы провели розыгрыш бесплатных посещений МК на новогодних каникулах с 3 по 13 января.♦️1 место: МК полного цикла : гончарное дело+Роспись глазурями выиграл 12 номер @khazhidogova♦️ 2 место: Семейный МК на 2 человек по гончарному делу выиграл 1 номер @anchiss.v2♦️3 место: МК по росписи глазурями  выиграл 3 номер @marilvova13♦️4 место: МК по гончарному делу выиграл 11 номер @liubovperever
Поздравляем победителей!!!
На мастер-класс необходимо записаться у @karasevsjanna  #жаннакарасева #розыгрыш #мквподарок #семейнаямастерскаякарасевых #гончарноедело #керамика #глинотерапия #арттерапия #профориентация #найтисвоепризвание #работатвоеймечты
#простойвопрос";1546007389;24;2197722499;False;мквподарок
BrADUQDD_Xk;"🌟Подарки!🌟
Любимые наши покупатели!
⠀
Мы совместно с @tatiana__odintsova решили порадовать вас подарками!🎁
Будет 3 победителя!
Одна из вас получит набор пушистой ангоры для шапки и мастер-класс от @tatiana__odintsova на выбор!
Ещё двум счастливчикам-описание от Тани в подарок!😉
___________________
Условия розыгрыша совсем простые:
▪️быть подписчиком @tatiana__odintsova и @tweedy_shop
◾️в комментариях на странице Тани @tatiana__odintsova ‼️ под таким же постом отметить 2 подруги👯‍♀️
▪️комментарий только один☝🏻
▪️8 декабря с помощью генератора случайных чисел мы выберем победителей и отправим подарок📦
Доставка за нас счёт!
___________________
Желаем всем удачи!🍀";1544002510;323;8196316655;False;мквподарок
BrChBeOgnQL;"Чем холоднее за окном, тем приятнее за мольбертами в тёплой компании)
...
23.12 состоится заключительный мастер-класс уходящего года в волшебной атмосфере @prostranstvo_ladomir.
... Приходите сами, с любимыми, с друзьями! Пишите маслом картины, для себя, для интерьера, в подарок! Получайте удовольствие и дарите радость творчества!
...
#крылья
#новыйгод
#картинавподарок
#мквподарок
#сертификаты 
#годсвиньи 
#2019 
#скоро
#пишеммаслом";1544085194;45;3457945647;False;мквподарок
BrPBKzHDLqv;"🎀Не знаете, что подарить на Новый год? Подарочный сертификат лучшее решение! Сертификат можно приобрести на любую сумму, на любой мастер-класс! 
______________
Подробности по телефону 9132007591
______________
#мкнск #творчество #рукавичкинск #мастерклассновосибирск #подарочныйсертификат #сертификатнамк #nsk54 #чтоподарить #подарокнанг #досугнск #новосибирск54 #девушкиновосибирска #детиновосибирск #мамыновосибирска #чемзанятьсяввыходные #мквподарок #деньрождения #новыйгод2019";1544504701;25;9225808101;False;мквподарок
BrRoET6AJIm;"Есть вяжущая подруга?
⠀
Подари ей мастер-класс!
⠀
🌟Теперь мои МК и билетики на вход в онлайн можно дарить.
⠀
Чтобы сделать подарок нужно:
⠀
1. Написать мне  о своём желании сделать подарок. Если не знаешь какой МК выбрать, можно подарить сертификат на любую сумму. Подруга сама выберет.
2. Оплатить.
3. Написать мне имя одариваемого.
4. Получить от меня именной, подарочный сертификат.
 5. Отправить сертификат адресату.
⠀
Готово! 😉";1544592204;16;7777890149;False;мквподарок
BrSyvcNFb2u;"Помогаем создать вот таких милейших  символов следующего года! 😍😍😍
Приходите лепить) * Всегда есть хрюшки ручной работы в наличии)";1544631505;616;5688708100;True;мквподарок
BrTWQP7hGIs;"Дорогая гостья нашей Мастерской, 🌲флорист 💐Елена Ренжина приглашает на новогодний мастер-класс🎄
❗️2️⃣2️⃣дек. 1️⃣6️⃣:0️⃣0️⃣❗️
👍Будем создавать хвойно-цветочные композиции из живых растений!
🎈новогоднее настроение, музыкальное сопровождение и не только это, гарантируем😉
💳стоимость для детей 700 рублей, для взрослых( усложнённый дизайн) 900 рублей.
🎉каждый унесёт домой неповторимую композицию из хвои, ароматов праздника и незабываемых эмоций🎊
🎈Запись в Директ🎈
#мастерскаясорокиной #новогодниймастеркласс #мквподарок #курсыфлористики";1544649973;31;7002939235;False;мквподарок
BrViwgSFR43;"Мастер-класс по ручной лепке - ""Символ года""! Хрюшки - хорошие и разные! Маленькие и большие, колокольчики, игрушки на елку и просто сувенирчики)
С помощью нашего мастера золотые ручки - Александры, вы сможете слепить свою собственную хрюню, в подарок или себе любимому!

ПЯТНИЦА 14 декабря. 16.00
ВОСКРЕСЕНЬЕ 16 декабря 15.00

Стоимость МК под ключ (!) -700 р, длительность 1 -1,5 часа.
Входит: лепка, дизайн, ангобирование (раскраска), Глазуровка нами прозрачкой, 2 обжига.";1544723638;659;5688708100;False;мквподарок
Brf4bEXFGOT;"Художественные МК в студии ТерраКОТ.
Продолжаем релакс-технику зендудлинг в новом формате! 
Акварельные эффекты, обрамлённые графическими дудлами сплетаются в яркую композицию. 
Уже в эту пятницу - 21.12 с 15 до 17 будем создавать картины в смешанной технике: Акварель+ графика. 
Мастер класс заинтересует как новичка так и бывалого дудлера!

Поговорим про:
*Зендудлинг и как разнообразить технику.
*Стилизацию объектов.
*Акварель и акварельные эффекты.  Стоимость МК- 1000р

Записывайся прямо сейчас! в личку или по тел 89537859880 Екатерина";1545070541;569;5688708100;False;мквподарок
Brfk9WdnaEY;"Хотите получить мастер- класс в подарок ? 🎁 
Тогда смело жмите ❤️ и переходите по ссылке 👇!
@fauzia_knitting_stories

#МКвподарок #вязание #обувь #длядеток #своимируками";1545060336;8;7555011544;False;мквподарок
BrmyevlFDpP;"Вы затрудняетесь, что же выбрать в подарок. Ответ есть, это
ПОДАРОЧНЫЙ СЕРТИФИКАТ

Вы оплачиваете, я прописываю сумму, дату, и ВСЕ подарок готов.

Человек сам выбирает изделие уже имеющееся, или делает заказ, или приходит на мастер-класс сам делает, учится и прекрасно проводит время.

Выбор кому подарить большой: воспитатели, учителя, сотрудники, дети девочки, мамы, жены, сестры и т.д.

Пишите в директ
Отправлю почтой
Жителям Барнаула, лично вручу.

#подароквоспитателю#сертификат#подарокрукодельнице#подарочныйсертификатбарнаул#барнаул#подарокжене#подарокучителю#мквподарок#подарокдевочке#подароксотруднице##подарокнановыйгод#instamama#инстаблогер#назаказ#купитьподарок#подарокмосква#хендмейд#мастеркласс";1545302306;57;4089851723;False;мквподарок
BrxN6NXBm2Z;"""Радостную весть я принёс в твой дом, Надежда! Зови детей!"")
Дорогие мои ученики, мастерицы и любители декупажа! Я очень рада сообщить вам, что начинается предновогодняя распродажа моих мастер-классов!
Вас ждёт 28 МК. Да-да, вы не ошиблись и это не опечатка) 28 мастер-классов по по цене от 390 рублей. Думаю, что любой человек, увлекающийся декупажем и декоративными техниками, будет рад получить в подарок видео-мк. Для тех, кто хочет сделать такой подарок на новый год - это тоже хорошая идея, потому как не надо бегать по магазинам, тратить время и нервы, что бы найти что-то интересное и полезное. Добро пожаловать по ссылке в профиле!

#новогоднийподарок #видеомк #онлайнмк #онлайнобучение #курсыдекупажа #курсыдекора #мквподарок #Мастер_класс_Подарок #мастер_класс #декордлядома #обучениеонлайн";1545652231;98;1400199470;False;мквподарок
BrxQwOJjA7I;Дорогие друзья ! К Новому году мы хотим сделать вам подарок на Новый год - разыграть бесплатное посещение МК на новогодних каникулах с 3 по 13 января 2019 года 🎊🎁 (Приглашаем участвовать в розыгрыше!🎉🏮👇🏻 🔴 1 место: МК полного цикла : гончарное дело+Роспись глазурями 🔵2 место: Семейный МК на 2 человек по гончарному делу 🔶3 место: МК по росписи глазурями 🔷4 место: МК по гончарному делу. Для участия в розыгрыше вам необходимо быть подписчиком страниц @prostoyvopros указать в комментариях к этому посту «Хочу МК в подарок» и отметить 3-х своих друзей. Вам будет присвоен порядковый номер. Победителей определит генератор случайных чисел 28.12.2018 в 20.00 Удачи!🔔🎉#жаннакарасева #розыгрыш #мквподарок #семейнаямастерскаякарасевых #гончарноедело #керамика #глинотерапия #арттерапия #профориентация #найтисвоепризвание #работатвоеймечты;1545653722;62;2197722499;False;мквподарок
BrzY8o-D7Li;"Вы думали все, подарков больше не будет⁉️
⠀
Василёк вчера обрёл новую семью и собирается в дорогу, НО подарки на этом не заканчиваются 🥳
⠀
Я подготовила для Вас новый бесплатный мастер класс к Новому Году 🎄 по маленькому малышу снеговичку.
⠀
Вяжутся малыши быстро, так что можно до наступления нового года сотворить не одного снеговичка в подарок любимым 🥰
⠀
Я для Вас старалась, постарайтесь и Вы для меня 😉
⠀
Получить МК очень просто:
⠀
⛄️ Быть моим подписчиком или стать им
⠀
⛄️ поставить ❤️ трём последним постам
⠀
⛄️ ну и написать в комментарии, что Вы хотите связать таких малышей.
⠀
Все, кто выполнит эти легкие условия, заходим в мой профиль и нажимаем на кликабельную ссылку, там Вы найдёте МК. Надеюсь на Вашу порядочность 😉 и выполнение всех условий❗️ Спасибо 😘
⠀
С наступающим 🎄⛄️🎄
#полезности_mariyaaa";1545725127;1624;2264251093;False;мквподарок
Bs0HXTDjNAO;"@n_u_r_knitting дарит мастер класс по вязан ковбойки  ВСЕМ!  Вот это дааа! Вот это #подарок!👍
-
- #вещиручнойработы #мквподарок #вязаныйснуд #классныйподарок";1547896947;84;6660736353;False;мквподарок
Bs2RPkEA-7l;"Играть будем? Ну и пусть что не пятница😉
⠀
Вдохновитель игры - ГРИБ 🍄!
⠀
Правила простые:
Составить предложение из букв слова ГРИБ.
⠀
Для самого активного участника я сделаю букет с грибами и овощами к нужной ему дате, а еще трое  активных игрока получат в подарок мой МК, который вам пригодится к 23 февраля😊. ⠀
Победителей выберу завтра по количеству написанных вариантов!
(Не забывайте подписка и лайк посту по умолчанию)
⠀
Я начну, а вы подхватывайте!
Поехали👇
⠀
🍄 Григорий рыжий ищет белку
🍄Господа рыбаки изловили белугу 😅
И т.д
⠀
Теперь вы
⠀
Чудесного всем воскресения и хорошего настроения❤️
.
Ваш @fresh.buket";1547969235;204;1515865851;False;мквподарок
Bs93iIejK9t;"Привет, мои дорогие!
.
В прошлый раз было очень много желающих, поэтому я приготовила для вас ещё один подарочек!
⚠⚠⚠
Хочу подарить вам ещё один свой МК за чисто символическую плату - всего 🔴50 рублей!!! 🔴 вместо 300₽! Классно, правда? 😉
.
В этом МК вы найдёте:
🔹Расчёт петель
🔹Вывязывание ростка
🔹Расчёт реглана
.
Что для этого нужно? Да совсем немного:
✔поставить ❤ этому посту
✔быть подписанным на меня
✔указать в комментарии одну или несколько подруг, которым это может быть интересно
✔написать в Директ свой эл. адрес и оплатить МК (реквизиты напишу в Директ)
.
Вот и всё! 😊";1548224191;317;4545036709;False;мквподарок
BsKpvlaAUFH;"Ну и портретик) глазки я , кстати , сейчас рисую гелевой ручкой! Но сначала надо проверить на кусочке трикотажа, не течёт ли она) 
Напоминаю о ПОДАРКАХ. Читайте ниже пост, дарю подарки)) #мквподарок #кукларучнойработы #глазкиточки #подарки #дарюмк";1546505685;80;2612564799;False;мквподарок
BsQ7c8bHMMU;"..
♥️День Рождения 
в мастерской.
🔹🔹Отличная идея🔹🔹
Необычная программа:
📣МК  по  МОЗАИКЕ !!
..
❇️Красивая тема.
✳️Несложная.
✴️По силам новичкам)))
А новичков на этот раз было!.....✔️ВСЕ !
ВКЛЮЧАЯ ИМЕНИННИЦУ
Илону, руководителя проекта ""Семейные лагеря ""Маняня""
@manyanya_camps
..
Успели всё:
🔸Отличное застолье (с хамоном из Италии))) и прочими вкусностями
🔹Помозаили вдоволь, аж 11 штук арбузов! Настоящая бахча!)))
🔸А под занавес кучно и организованно нарисовали мандарин (последний, еле отбила для натуры))))
..
💠Очень творческий и продуктивный , весёлый, нестандартный получился праздник!
..
📣С днём рождения , Илона!
🎉🎉🎉🎉🎉🎉🎉🎉🎉🎉..
..
..
🔴🔴🔴🔴🔴🔴🔴🔴🔴🔴
Студия проводит корпоративные мастер-классы, творческие дни рождения, да и просто рада веселой компанейской компании творческих людей!
..
Спасибо ребятам Тане и Дэну из @les.chudes за отличные заготовочки!))))
..
..
#студия_яхудожник
..";1546716296;119;4000065312;False;мквподарок
BsV_b8ODFim;"🎁‼️РОЗЫГРЫШ МК‼️🎁 .
Всем привет! 
Посмотрите какие подарочки мы подготовили для вас! 
Мы с девочками дарим вам 8 мастер-классов от талантливых авторов! 
От меня МК по мишке «Винни Пух» 💖
Розыгрыш проходит 👉 @zayka_mi_amigurumi , переходите по ссылке и выполняйте все условия 😉
#розыгрыш #розыгрышмк #виннипух #мквподарок #бесплатно";1546886157;83;5732522520;False;мквподарок
BsdjS7KhPzH;"..
..
☺️🌵 Здравствуйте, друзья!

Хотим напомнить, что ещё есть пара мест на очередной мастер-класс по созданию флорариума с суккулентами в эту субботу в 16.00
..
☺️🌵Листайте карусель и увидите примеры флорариумов, которые вы сможете создать в рамках этого МК.
..
☺️🌵 Все необходимые материалы мы предоставим, флорариум, созданный вашими руками, вы заберёте с собой.
..
💰Стоимость участия:
- флорариум в шаре 15 см 1,5 тр
- флорариум в шаре 23 см 3,5 тр
- флорариум в икосаэдре 20*20 см 4,3 тр
..
👉#мастерклассы_zasteklom ——————————————————
«Лавка ZASTEKLOM»: мастерская необычной флористики и подарков + магазин суккулентов🌵🌿
г.Ростов-н/Д, Ул. Социалистическая, 211. В двух шагах от Театральной площади
..
📲 8 918 506 5 506
.................................................................
Режим работы:
ПН-СБ с 12:00 до 20:00
ВС - выходной
.................................................................
ИП Серов А.Ю.
ИНН 616512467592
ОГРН 318619600109407
..
..";1547139839;269;3183075762;False;мквподарок
BsuoCDWDgER;"Завтра старт МК по котоброши! Кому подарить описание?
⠀
Тестирование котоброши почти законченно. Такие классные коты у всех получились. Завтра покажу Вам работы тестовой группы,  и со спокойной душой начну продажу мастер класса ❤
⠀
Следующим будет МК броши ""ящерная половинка"".Или быть может онлайн-совместник хотите? 🙄
____
Брошь свободна
Цена 400 руб + почтовые расходы
____
А теперь вопрос.
Приз МК по котоброши или скидка 30%  на любую брошку.
⠀
Сколько страниц и фото в мастер классе?
⠀
Ответы в коммент, кто первый молодец! 😉(пы.сы. тест группа-не отвечает 😝)
_____
#mavdrik_style #mavdrik_брошь #ящеры_мавдрюшки #ящерицакрючком #описаниевязания #мастерклассповязанию #crochetpattern #мквподарок #щелково #scm1701 #красота_воснеинаяву #handmade_work_shop #handmadeworld1 #handmade_igruhski #amigurumitoy #weamiguru #amigurumi_doll #crochetbrooch #вязанаяброшь #брошькрючком #amigurumi #amigurumidesign #crochetoys #amigurumi_mk";1547712747;907;5444797284;False;мквподарок
BsxC1cWA3n_;"Специально для тех, кто мучается вопросами ""что же подарить, чтобы это было по-настоящему нужным"", ""как угадать с подарком тому, у кого все есть"", придумана отличная идея - ПОДАРОЧНЫЙ СЕРТИФИКАТ😄 Его получатель сам выберет подарок по душе. Ведь это ключ к исполнению его желаний.
⠀
Это может быть понравившийся мастер-класс или курс, материалы для занятий и многое другое из арсенала нашей студии.
⠀
⠀
⠀
Ознакомьтесь, пожалуйста, с правилами использования сертификата:
🌺Сертификат считается активированным с момента его покупки и действует бессрочно.
🌺Сертификат не подлежит возврату и обмену на денежные средства.
🌺Если стоимость выбранного подарка менее суммы сертификата, разница сумм не компенсируется. В случае, если стоимость выбранного подарка превышает сумму сертификата, то доплата допускается.
⠀
Дарите подарки и радуйте своих любимых, родных и близких, верных подруг! 💐💐💐
⠀
⠀
⠀
Информация о сертификатах:
8914-704-40-14, 8-924-254-48-30
#владивосток, Постышева 41, цоколь 5 подъезда
Ждем Вас в гости!
⠀
#подарочныйсертификат #vl #vlru #афишавл #влафиша #студиявойлока #обучениесертификат #сертификат #мквподарок #сертификатнаобучение #школарукоделия_вл #сертификатвладивосток #вл #мквл #творческиевыходные #творчество #своимируками #владмама  #рукоделиевладивосток #мастеравладивосток #мастерклассвладивосток  #афишавладивосток #событиявладивосток #подарочныйсертификатвладивосток";1547793909;14;8786151430;False;мквподарок
BsxC1ceBy47;"Специально для тех, кто мучается вопросами ""что же подарить, чтобы это было по-настоящему нужным"", ""как угадать с подарком тому, у кого все есть"", придумана отличная идея - ПОДАРОЧНЫЙ СЕРТИФИКАТ😄 Его получатель сам выберет подарок по душе. Ведь это ключ к исполнению его желаний.
⠀
Это может быть понравившийся мастер-класс или курс, материалы для занятий и многое другое из арсенала нашей студии.
⠀
⠀
⠀
Ознакомьтесь, пожалуйста, с правилами использования сертификата:
🌺Сертификат считается активированным с момента его покупки и действует бессрочно.
🌺Сертификат не подлежит возврату и обмену на денежные средства.
🌺Если стоимость выбранного подарка менее суммы сертификата, разница сумм не компенсируется. В случае, если стоимость выбранного подарка превышает сумму сертификата, то доплата допускается.
⠀
Дарите подарки и радуйте своих любимых, родных и близких, верных подруг! 💐💐💐
⠀
⠀
⠀
Информация о сертификатах:
8914-704-40-14, 8-924-254-48-30
#владивосток, Постышева 41, цоколь 5 подъезда
Ждем Вас в гости!
⠀
#подарочныйсертификат #vl #vlru #афишавл #влафиша #студиявойлока #обучениесертификат #сертификат #мквподарок #сертификатнаобучение #школарукоделия_вл #сертификатвладивосток #вл #мквл #творческиевыходные #творчество #своимируками #владмама  #рукоделиевладивосток #мастеравладивосток #мастерклассвладивосток  #афишавладивосток #событиявладивосток #подарочныйсертификатвладивосток";1547793909;32;4502079811;False;мквподарок
BsxPfkvlDFI;"В керамике работы могут быть настолько разнообразными... 😃Сувенирными или используемыми в быту..... это могут быть украшения или посуда, керамические кашпо для цветов или авторские чайные пары. 
Большой ассортимент изделий из керамики есть у нас в ПРОДАЖЕ в мастерской.
Часть изделий выложено в товарах в группе, бОльшая часть - только в мастерской, приходите смотреть, есть из чего выбрать!
И цены - абсолютно смешные для уникальных изделий ручной работы.🤗 Ждем вас на Челюскинцев 30/2, офис 301. 
Не забудьте предварительно позвонить! 8953-785-98-80 Екатерина.";1547800545;48;5688708100;False;мквподарок
BsyPR2vFbtX;"Друзья мои, в курсе ли вы, что отдыхать необходимо?
Лень - это во многих случаях - защитный механизм организма. Если человек постоянно работает - он находится в стрессе - а жизнь в стрессе мало кому по вкусу.

Как отдыхаете вы? Чем восполняете ресурсы?😇 #гончарная_школа #гончарные_курсы #подарок_близкому #сертификат_в_подарок_нск #сертификатвподарок #сертификат_на_гончарный_круг #мквподарок #мк #творческиеМК #керамика_для_всех #гончарноеремесло #ручнаялепканск #керамикасувениры #ручная_лепка_глина #керамиканск #гончарныемк #гончарнаястудия #instatrening #керамическиефигурки";1547833987;41;5688708100;False;мквподарок
Bt-UcmXjkHE;"❎ СТОП❎
В воздухе уже витает весна! А давайте встретим её с подарками!
Мы, 6 щедрых мастеров,  подготовили для Вас розыгрыш наших МК,  пряжи и бирочек!
⠀
💥 От меня @krelka.by разыграем 3 призовых места и каждый победитель получит 3 моих МК! ⠀
Для участия в розыгрыше нужно выполнить простые условия: ⠀
✔️Подписаться на всех спонсоров
@shoddi_knit - 4 МК, 3 победителя! 
@avi_knits - 4 моточка Gazza baby cotton XL и МК на выбор, 2 победителя!
@krelka.by - 3 призовых места, по 3 МК! 
@birkiiznaturalnoi - 20 бирочек на кнопке с Вашим логотипом! 
@rukodelkino_made - 400г Lanagold classik!
@shkatulkapinsk - сертификат на сумму 25byn!
⠀
✔ Поставить лайк этому посту
✔ Сделать репост этого поста в сторис, с активной ссылкой на ЭТОТ аккаунт.
✔ Оставить любой добрый комментарий под этим постом! Количество комментариев не ограничено!!! ( смайлы комментарием не считаются!) ⠀
•Если хотите все подарки, оставляйте комментарии у всех спонсоров!
❗️На время розыгрыша профиль должен быть открыт!
❌Профили созданные для розыгрышей, не принимаются к участию!
⠀ 🎁А уже 21.02. каждый спонсор у себя в профиле выберет победителя с помощью сайта @lizaonair
⠀
🌿 Доставка пряжи и бирок за счет победителя! ❤ Благодарим всех за участие!❤️";1550386834;379;4198560551;False;мквподарок
Bt-g2RYjfYM;"Стоп!
РОЗЫГРЫШ❗❗❗
Сегодня по миру отмечают праздник ""День спонтанного проявления доброты"" 🙌
Поэтому, когда, если не сегодня, дарить подарки?🎁
Итак, поехали!

Сегодня я хочу разыграть для вас 6 мастер-классов по вязанию ""лесных зверят""
А значит и победителей будет 6! 6, Карл 😱

1. Первый счастливчик получит описание всех 5 зверят!
2. МК Ёжика
3. МК Медвежонка
4. МК Волчонка
5. МК Зайки
6. МК Лисёнка

Вы только представьте себе - 6 победителей! 🙌 ❗Правила очень просты:
1. Быть подписаным на меня 😁
2. Поставить 💖 этому посту
3. Написать в комментариях ""хочу лесного зверя"" и отметить человека, которому это было бы интересно.
Вот и ВСЁ.

Комментариев можно оставлять сколько угодно!

Во вторник 19 февраля, в 10:00 по Сахалинскому времени 😉 я объявлю СТОП и начну выгружать комментарии.

Девчата, тк это мой первый личный розыгрыш, могут быть накладки по времени , а может и не только 🙈
В общем, прощу отнестись с пониманием 😘 ❗❗❗ Важно❗❗❗
В розыгрыше не участвуют аккаунты, которые созданы только для розыгрышей, гивов и тд.

Ну вот вроде бы и все.
Желаю всем удачи 🖐😘 Пы.Сы. буду безмерно благодарна за репост в сториз 💖💖💖
#rizhik_toys #amigurumi #pattern #freepattern #GIVEAWAY #crochet #masterclass #weamiguru #розыгрыш  #розыгрышмастеркласса #мквподарок #подарокмалышу  #подарок #призы #лесныезвери #амигуруми #вязание #мк";1550393335;417;370870088;False;мквподарок
Bt00TANjLCH;"⭐️❗️БЕСПЛАТНЫЙ МК ПО СОЛДАТИКУ❗️⭐️
Скоро 23 февраля, а вы не знаете, что подарить? 🎁
Хотите сделать, что-то быстро и своими руками? 🙌🏻
У меня есть для вас решение! Я подготовила подробный мастер-класс по вязанию солдатика!
Солдатик вяжется быстро и просто, одной деталью, без заморочек. Минимум материалов, максимум положительных эмоций! И результат, который не заставит себя ждать! 🤗
⭐️⭐️⭐️
Все очень просто! Нажимаете на ссылку в шапке профиля и скачиваете себе мастер-класс!
⭐️⭐️⭐️
Мне ❤️ за старания 😊
⭐️⭐️⭐️
Это мой первый мастер-класс. Мне было очень интересно его делать и я бы хотела продолжать. Поэтому пишите, пожалуйста, в комментариях, как он вам, все ли понятно и нет ли там каких-то косяков 😊😉";1550067988;130;5841428599;False;мквподарок
Bt2kiZxgzTD;"*BE MY VALENTINE*
❤️❤️❤️❤️❤️❤️❤️❤️❤️❤️
Дорогие наши подписчики!
Мы поздравляем вас с самым романтичным днём в году.

Любовь победит всё.
Любовь вдохновляет и исцеляет.
Ради и благодаря любви мы живём.
Любите и будьте любимыми!
❤️Мы вас любим!❤️
*
#14февраля #ДеньСвятогоВалентина #ДеньВлюбленных #любовь #love #HappyValentineDay #единорогЛюбовь #единорогВподарок #loveUnicorn #мкЧелябинск #мкПапьеМаше #мкКраски #мкЕдинорогЧелябинск #мкОленьЧелябинск #мкДиноЧелябинск #игрушкаСвоимиРуками #мкДляДетейИвзрослых #создаемЕдинорога #создаемОленя #создаемДинозавра #добротойс #добрыеИгрушки #unicorn #magic #art #decor #design #present #мкВподарок #dobrotoys";1550126834;93;1551116432;False;мквподарок
Bt5DWMNAlbp;"Урррраааа!!! Наконец-то мы в отпуск 💃💃💃 я ждала этого момента...
⠀
Сейчас как никогда нужна перезагрузка ⏰
⠀
И хочу поделиться своей радостью вместе с вами!
⠀
Сегодня хочу объявить маленький розыгрыш.
⠀
Первому человеку, который угадает в какой город мы летим, я пришлю сувенир из него!
⠀
Второму и третьему угадавшему-мой мк на выбор
⠀
Правила просты:
Подписка на меня
Лайк этому фото
1 человек = 1 комментарий
⠀
Пожалуйста, те кто знает, не сдавайте)
⠀
#путешествие #trip #tripwithchildren  #waiting #vacation #розыгрышпризов #приз #трип #едемнаморе #хочутепло #отпуск #страна #город #хочулето #нуженотдых #вязаниеспицами #мк #мквподарок #мкбесплатно #ловихаляву #хорошийдень #угадаймелодию";1550210096;707;5875183130;False;мквподарок
Bt5mX-sDkPi;"А вы пользуетесь какими-то приспособлениями, чтобы клубок во время вязания не убегал? 🧶😊
У меня вот есть сумочка специальная с дырочкой через которую тянется нитка. Но она неудобна тем, что туда можно положить только один моточек, а если положить два они обязательно спутаются 🧬
Поэтому, я предпочитаю просто доставать нитку из середины мотка 🤗
-
А если вы хотите связать себе такого солдатика, то по ссылке в шапке профиля есть бесплатный МК ⭐️
-
А если вы не вяжете, то можете приобрести этих двух, или заказать в любых цветах 💙
Высота  23 см
Связаны из полухлопка
Глаза на безопасном креплении
Наполнитель халлофайбер
Цена 600₽ + доставка 📦
Возможен бесплатный самовывоз из г. Москва или г. Раменское 🛍
Для заказа пишите в Директ или WhatsApp (ссылка в шапке профиля)";1550228461;189;5841428599;False;мквподарок
Bt7-dFog65G;"*ВЫХОДНЫЕ*
Ну а мы готовимся к новым мероприятиям🙌
Совсем скоро у нас пройдёт Выставка-продажа совместно с Центром дизайна ФормАрт.
А также праздничные Мастер-классы, фуршеты, лотереи🌺
*
Скоро-скоро всё объявим, следите за нашими новостями.
*
И это прекрасная нежная Барби ростом 15см сейчас в наличии и ждёт обнимашек🤗
Стоимость 1750р. Доставка по России бесплатная. При заказе от 6000р - бесплатная экспресс доставка.
*
Хороших выходных ❣️
#barbie #барбиЕдинорог #экоИгрушка #экоЕдинорог #мкЧелябинск #мкПапьеМаше #мкКраски #мкЕдинорогЧелябинск #мкОленьЧелябинск #мкДиноЧелябинск #игрушкаСвоимиРуками #мкДляДетейИвзрослых #создаемЕдинорога #создаемОленя #создаемДинозавра #добротойс #добрыеИгрушки #unicorn #magic #art #decor #design #present #мкВподарок #dobrotoys #папьеМашеИгрушки";1550308194;84;1551116432;False;мквподарок
BtDbFxdDkYW;"А сегодня День студента, по совместительству Татьянин день. Поздравляю всех студентов и Татьян, читающих этот пост. 🎂🎈🎇
И хочу всем вяжущим Татьянам и студентам подарить подарок - свой видео мастер-класс по вязанию снегиря. Подробное описание мк можно найти по тегу #ольгаингрия_мк. Хотите связать снегирика как на фотографии? 🐦 Пришлите в личку фото зачетки или доказательство, что Вы Татьяна. И мк Ваш. 😁🎁 Прочитала сегодня, что нужно сделать, чтобы гарантированно сдать сессию. 😁 Надо высунуться в окно,помахать зачеткой  и крикнуть на весь свет:""Халява приди!"" Если в ответ услышишь: ""Уже в пути!"", сессию сдашь 💯. А Вы как экзамены сдавали, с халявой или  без? Делитесь в комментариях.
Я как то без халявы училась. Хотя шпоры по истории писала. 😁😁😁
#ольгаингриямояжизнь #татьяниндень #деньстудента #вяжувсегда #мкповязанию #мастерклассповязанию #урокивязаниякрючком
 #мотивыдлякружева #мотивыкрючком #аппликациякрючком #мотивыдляирландскогокружева";1548410605;127;3754667373;False;мквподарок
BtEC-kngbZA;"Записан очередной блок видео из Он-лайн Курса Ватная игрушка Елены Шведовой - Ретро девочка. 
Кто хочет к нам присоединиться,  всю информацию  о Курсе можно посмотреть по тегу #онлайншведова.
По всем возникающим вопросам прошу обращаться в Директ😊
#мквподарок#ватнаяигрушка#игрушкаизваты#елочноеукрашение#елочноеукрашениеизваты#ватныедетки#ватныечеловечки#новыйгод#ретро#винтаж#мквмоскве#ватныеигрушки#новогоднийподарок#cottontoys#ДедМороз#дедморозизваты#ватныйдедмороз#ватныеигрушки#игрушкиизваты#мкшведова#cottondolls #cottontoys #christmasdecor#каталогсовременныхелочныхигрушек#каталогсовременнойватнойигрушки#каталогелочныхигрушек#каталогсовременнойелочнойигрушки#мкватнаяигрушка#мкигрушкаизфетра";1548431518;410;3253266019;False;мквподарок
BtGDE3kAb4_;"Отзывы😍 Танечка @datskovskaia_tatiana спасибо!!! Пусть девочка приносит радость😍
🎄🎄🎄
#дарюмк#бесплатныймк#мквподарок#розыгрыш#вата#ватнаяигрушка#игрушкаизваты#елочноеукрашение#елочноеукрашениеизваты#ватныедетки#ватныечеловечки#новыйгод#ретро#винтаж#мквмоскве#ватныеигрушки#новогоднийподарок#cottontoys#ДедМороз#дедморозизваты#ватныйдедмороз#ватныеигрушки#игрушкиизваты#мкшведова#cottondolls#cottontoys#christmasdecor#секталюбителейновогоднихигрушек#секталюбителейелочныхигрушек#мкватнаяигрушка #мкигрушкаизваты";1548498678;125;3253266019;False;мквподарок
BtGmiQMgu4f;"Пока новенькие рождаются,  покажу вам работу из архива😊 ""Плюшевые друзья Детства"" 
Ватный теддик 7 см ростику😍 Фото из архива,  работа 2017 года
🐻🐻🐻
#мквподарок#ватнаяигрушка#игрушкаизваты#елочноеукрашение#елочноеукрашениеизваты#ватныедетки#ватныечеловечки#новыйгод#ретро#винтаж#мквмоскве#ватныеигрушки#новогоднийподарок#cottontoys#ДедМороз#дедморозизваты#ватныйдедмороз#ватныеигрушки#игрушкиизваты#мкшведова#cottondolls #cottontoys #christmasdecor#каталогсовременныхелочныхигрушек#каталогсовременнойватнойигрушки#каталогелочныхигрушек#каталогсовременнойелочнойигрушки#мкватнаяигрушка#мкигрушкаизваты#ватныйтедди#ватнаякукла#ватнаяигрушкашведовалена";1548517269;322;3253266019;False;мквподарок
BtHaUj-g0H3;"""Плюшевые друзья Детства"". Ватный зайка,  друг тедди,  9 см😊
🐰🐰🐰
#мквподарок#ватнаяигрушка#игрушкаизваты#елочноеукрашение#елочноеукрашениеизваты#ватныедетки#ватныечеловечки#новыйгод#ретро#винтаж#мквмоскве#ватныеигрушки#новогоднийподарок#cottontoys#ДедМороз#дедморозизваты#ватныйдедмороз#ватныеигрушки#игрушкиизваты#мкшведова#cottondolls #cottontoys #christmasdecor#сказочныйперсонаж#мкватнаяигрушка#мкигрушкаизваты#звериизваты#ватнаякукла#ватнаяигрушкашведовалена";1548544420;388;3253266019;False;мквподарок
BtKZF1Qg-Ve;"😂ВЕСЁЛЫЙ мастер-класс в подарок!
Почему весёлый? А потому что гусеница двигается, ползет)))
Сделан по мотивам МК из интернета. 
Подарю видео версию за репост или размещение в сториз.
#мастерклассывчелябинске #оксана_мк #гусеница #мквподарок #бесплатныймкстеркласс #сделайгусеницу #яжемама";1548644438;31;7804172748;False;мквподарок
BtLXRhkBxO5;"Расписание на первую половину ФЕВРАЛЯ!
❗️ВНИМАНИЕ❗️10 февраля нет взрослого мк, он перенесён на 8 февраля( ПЯТНИЦА❗️) на 18:30.
Будем лепить КРУЖКИ-ТЫКВЫ- отличный подарок на 23 февраля!

Напоминаем, что в 11:30 Детская группа, а в 14:00 Взрослая! 🖌для записи на мк, пишите в Директ !
#марусинаклюква #мастерскаясорокиной #лепитьизглины #керамикавраменском #курсыкерамики #лепитьвраменском #мквподарок";1548677040;44;7002939235;False;мквподарок
BtNhlvihfkZ;Вот это вот уникальная вещь! Полностью ручная работа! Полочку смастерил Юрий Васильевич, Женин папа из фанеры. Под нужный размер. А теперь Женечка @evgeniiashchedrova придала ей нужный цвет. Обои в комнате персикового оттенка, всё нежное, светлое. Вот мы и выбрали #цветлён и #цветмускуснаядыня Трафарет с цветочным рисунком как нельзя кстати. В целом очень красиво получилось 😍😍😍 И Женя довольна, и я счастлива 😀;1548749557;68;2322585855;False;мквподарок
BtPp72DHPgh;"Пост ниже👇 
Участвуем в легком конкурсе! Разыгрываем мастер-класс😍👩‍🎨👨‍🎨
📲по вопросам: 8 701 122 00  53
#мквподарок#мастерклассконкурс#конкурсживописьастана#конкурсастана#астанаподарки#сюрпризастана#изоастана#живописьастана#подароккартина";1548821041;233;1388917614;False;мквподарок
BtSn5UgHM3I;"Пост ниже👇 
Участвуем в легком конкурсе! Разыгрываем мастер-класс😍👩‍🎨👨‍🎨
📲по вопросам: 8 701 122 00  53
#мквподарок#мастерклассконкурс#конкурсживописьастана#конкурсастана#астанаподарки#сюрпризастана#изоастана#живописьастана#подароккартина";1548920635;371;1388917614;False;мквподарок
BtTBw5-nEYk;"Пост ниже👇 
Участвуем в легком конкурсе! Разыгрываем мастер-класс😍👩‍🎨👨‍🎨
📲по вопросам: 8 701 122 00  53
#мквподарок#мастерклассконкурс#конкурсживописьастана#конкурсастана#астанаподарки#сюрпризастана#изоастана#живописьастана#подароккартина";1548934198;249;1388917614;False;мквподарок
BtVQilfngI8;"Пост ниже👇 
Участвуем в легком конкурсе! Разыгрываем мастер-класс😍👩‍🎨👨‍🎨
📲по вопросам: 8 701 122 00  53
#мквподарок#мастерклассконкурс#конкурсживописьастана#конкурсастана#астанаподарки#сюрпризастана#изоастана#живописьастана#подароккартина";1549009054;357;1388917614;False;мквподарок
BtVn_eeDHcu;"Я впервые начала создавать игрушку с эскиза (возможно, мои каракули эскизом и не назовешь🤣, но все же)сначала я взяла цветные карандаши Владика и нарисовала длинноухого, затем записала черновой вариант схемы и только потом взяла в руки крючок и вот на свет появился этот зайчишка🐇🐇🐇он должен не только стать лучшим другом малышу, но и будет оберегать сон малютки👶👶👶.
Зайчику предстоит переезд в столицу нашей родины, а я вот что подумала🤔🤔🤔, может кто-то захочет связать такого же?тогда выложу пост с описанием😊";1549021349;140;8623956933;False;мквподарок
BtXkNGtH3qf;"Пост ниже👇 
Участвуем в легком конкурсе! Разыгрываем мастер-класс😍👩‍🎨👨‍🎨
📲по вопросам: 8 701 122 00  53
#мквподарок#мастерклассконкурс#конкурсживописьастана#конкурсастана#астанаподарки#сюрпризастана#изоастана#живописьастана#подароккартина";1549086473;322;1388917614;False;мквподарок
BtYQzVUnkEs;"Пост ниже👇 
Участвуем в легком конкурсе! Разыгрываем мастер-класс😍👩‍🎨👨‍🎨
📲по вопросам: 8 701 122 00  53
#мквподарок#мастерклассконкурс#конкурсживописьастана#конкурсастана#астанаподарки#сюрпризастана#изоастана#живописьастана#подароккартина";1549109854;355;1388917614;False;мквподарок
BtcjqSUnYvM;"Пост ниже👇 
Участвуем в легком конкурсе! Разыгрываем мастер-класс😍👩‍🎨👨‍🎨
📲по вопросам: 8 701 122 00  53
#мквподарок#мастерклассконкурс#конкурсживописьастана#конкурсастана#астанаподарки#сюрпризастана#изоастана#живописьастана#подароккартина";1549253959;330;1388917614;False;мквподарок
BthyDqzD8LS;"💥РОЗЫГРЫШ МК💥
.
Хотите получить один из шести крутых мастер классов? Тогда скорей принимайте участие.
.
Что нужно сделать?
.
3 простых шага:
✔ Поставить лайк этому посту
✔ Подписаться на всех спонсоров
.
.
✔ Под таким же постом у @toys_by_umochka написать в комментариях ХОЧУ МК. 1 участник = 1 комментарий!
.
❗Победители определятся генератором случайных чисел. Мастер-классы будут разыграны в том порядке, в котором находятся фото в карусели у организатора розыгрыша @toys_by_umochka .
🎁Розыгрыш проведем вечером 8 февраля.
.
🍀 Желаем удачи !";1549429280;278;1666232848;False;мквподарок
Btn7gZTjLCq;"Всем доброго, уютного вечера!
⠀Девочки, рукодельницы! Хотите БЕСПЛАТНЫЙ МК башмачков для зайки, тех которые на фото?
⠀Да? Тогда ставим ❤ , а  в комментариях под фото пишем слово хочу!
⠀Не забываем нажать закладочку, так вы точно меня не потеряете!
⠀И ждем следующий пост ⠀#люблювас #ручнаяработа #мквподарок";1549635560;244;4150999636;False;мквподарок
Bu0yzaWg7lU;"Вам привет от мышки)
⠀
Осталось чуток, буквально один день и МК по моей летучей мышке будет готов к продаже🤗
⠀
А! Пока дописываю, давайте придумаем имя для мышки? ⠀
Чье название больше понравится, тому подарю МК🦇";1552214689;45;2071816823;False;мквподарок
Bu2-klyDgzm;"Всем привет!
.
❌розыгрыш завершен❌

Девочки, чувствую Вам взгрустнулось😏.
#8марта 🔙 прошло и кажется, что закончились цветы💐 и подарки🎁, но нет! Мы продолжаем Вас радовать😋 и  дарим Вам 7 Мастер-классов, сет пряжи с помпоном в цвет и 15 открыток!
⠀
16 марта в 14.00 по Москве мы проведём розыгрыш и раздадим подарки!
⠀
💖МК по #шапочка_рада из толстой пряжи, которую можно связать за вечер, выиграла @kris_happy_toys_ 🏅Поздравляем!🎊
⠀
1. Быть подписанной нa всех девочек, кто решил Вас порадовать:
⠀
@spirka_knit
@lebedeva_anastasia_
@knitting_by_nn
@pugovki.petelki
@avele_knitstudio
@marishka_013knitting
@valeria_svintkovskaya
@dropslove_kzn
@princessa.knit
⠀
2. Поставить лайк данному посту у меня.

3. В профиле у @lebedeva_anastasia_ под этой же публикацией в комментариях отметить подруг, 1 комментарий = 1 подруга 👯. Количество комментариев НЕ ограничено. ‼️розыгрыш проведем через @Lizaonair на странице @lebedeva_anastasia_ 💗. ⠀
4. Упоминание в сториз не обязательно, но очень приветствуется🙌

Удачи! Счастливой и тёплой весны!
⠀
✨✨✨
#giveaway #розыгрыш #даримпряжу #открытки #мкбесплатно #розыгрышпряжи #розыгрышмк #дариммк #мквподарок #пряжавподарок";1552287967;73;6532813930;False;мквподарок
Bu299wxDIcl;"❌РОЗЫГРЫШ ЗАВЕРШЁН ❌ Всем привет! 😘😘🌷
⠀
Девочки, чувствую Вам взгрустнулось😏.
#8марта 🔙 прошло и кажется, что закончились цветы💐 и подарки🎁, но нет! Мы продолжаем Вас радовать😋 и  дарим Вам  7 Мастер-классов , сет пряжи #BBBfull с помпоном в цвет и 15 открыток от @spirka_knit "".
⠀
16 марта в 14.00 по Москве мы проведём розыгрыш и раздадим подарки🎁!
⠀
💖Лично от меня вы получите МК на взрослый свитер #my_sweater_ 😍.
🐱Анечка @spirka_knit подарит 15 открыток 📚 одному из победителей.
🍒Сет из 3 мотков пряжи BBB Full, цвета тиффани и помпон натуральный песец в цвет пряжи, отправит победителю Ирина @dropslove_kzn 💜.
👗 Марина @marishka_013knitting разыграет МК платье ""Анастасия""😋.
👑 МК на карди ""Мёд"" #карди_мед подарит Татьяна @princessa.knit
💃 Анастасия @knitting_by_nn вам подарит МК на шапку из толстой пряжи #шапочка_рада 🎩.
💐 МК от Яны @pugovki.petelki на милую шапочки ""SnowDrop"" получит один из победителей
🍇Валерия @valeria_svintkovskaya подарит МК #BlackBerry_sweater свитер для малышей 👍.
🐾 Елена @avele_knitstudio подарит МК на чудесную шапку ""WAFFLE"" #шапка_waffle .
⠀
🏅Что нужно для получения подарка❓
⠀
1. Быть подписанной нa всех девочек, кто решил Вас порадовать:
⠀
@spirka_knit
@lebedeva_anastasia_
@knitting_by_nn
@pugovki.petelki
@avele_knitstudio
@marishka_013knitting
@valeria_svintkovskaya
@dropslove_kzn
@princessa.knit
⠀

2. Поставить лайк этой публикации.
У @lebedeva_anastasia_ под токой же публикацией в комментариях отметить подруг, 1комментарий=1подруга 👯. Количество комментариев НЕ ограничено. ‼️розыгрыш проведем через @Lizaonair по коментариям к посту на странице @lebedeva_anastasia_ 💗. ⠀
3. Упоминание в сториз не обязательно, но очень приветствуется🙌

Удачи! Счастливой и тёплой весны!
⠀
✨✨✨";1552287649;299;471852860;False;мквподарок
Bu3ADEEjIrC;"Всем привет! 😘😘🌷
Девочки, чувствую Вам взгрустнулось😏.
#8марта 🔙 прошло и кажется, что закончились цветы💐 и подарки🎁, но нет! Мы продолжаем Вас радовать😋 и  дарим Вам 7 Мастер-классов, сет пряжи с помпоном в цвет и 15 открыток!
⠀
16 марта в 14.00 по Москве мы проведём розыгрыш и раздадим подарки!
⠀
💖Лично от меня вы получите
 МК по свитерочку ""Blackberry"" 😍.
🏅Что нужно для получения подарка❓
⠀
1. Быть подписанной нa всех девочек, кто решил Вас порадовать:
⠀
@spirka_knit
@lebedeva_anastasia_
@knitting_by_nn
@pugovki.petelki
@avele_knitstudio
@@marishka_013knitting
@valeria_svintkovskaya
@dropslove_kzn
@princessa.knit
⠀
2. Поставить лайк данному посту у меня.

3. В профиле у @lebedeva_anastasia_ под этой же публикацией в комментариях отметить подруг, 1 комментарий = 1 подруга 👯. Количество комментариев НЕ ограничено. ‼️розыгрыш проведем через @Lizaonair на странице @lebedeva_anastasia_ 💗. ⠀
4. Упоминание в сториз не обязательно, но очень приветствуется🙌

Удачи! Счастливой и тёплой весны!
⠀
✨✨✨
#розыгрышмк #мквподарок #одесса2019 #гив #розыгрыш2019 #мкбесплатно #бесплатноеописсание";1552288741;115;6112742953;False;мквподарок
Bu3CHjPnrek;"Всем привет! 😘😘🌷
⠀
Девочки, чувствую Вам взгрустнулось😏.
#8марта 🔙 прошло и кажется, что закончились цветы💐 и подарки🎁, но нет! Мы продолжаем Вас радовать😋 и  дарим Вам  7 Мастер-классов , сет пряжи #BBBfull с помпоном в цвет и 15 открыток от @spirka_knit "".
⠀
16 марта в 14.00 по Москве мы проведём розыгрыш и раздадим подарки🎁!
⠀
💖От Анастасии МК на взрослый свитер с косами #my_sweater_ 😍.
🐱Анечка @spirka_knit подарит 15 открыток 📚 одному из победителей.
🍒Сет из 3 мотков пряжи BBB Full, цвета тиффани и помпон натуральный песец в цвет пряжи, отправит победителю Ирина @dropslove_kzn 💜.
👗 Марина @marishka_013knitting разыграет МК платье ""Анастасия""😋.
👑 МК на карди ""Мёд"" #карди_мед подарит Татьяна @princessa.knit
💃 Анастасия @knitting_by_nn вам подарит МК на шапку из толстой пряжи #шапочка_рада 🎩.
💐 МК от Яны @pugovki.petelki на милую шапочки ""SnowDrop"" получит один из победителей
🍇Валерия @valeria_svintkovskaya подарит МК #BlackBerry_sweater свитер для малышей 👍.
🐾 Елена @avele_knitstudio подарит МК на чудесную шапку ""WAFFLE"" #шапка_waffle .
⠀
🏅Что нужно для получения подарка❓
⠀
1. Быть подписанной нa всех девочек, кто решил Вас порадовать:
⠀
@spirka_knit
@lebedeva_anastasia_
@knitting_by_nn
@pugovki.petelki
@avele_knitstudio
@marishka_013knitting
@valeria_svintkovskaya
@dropslove_kzn
@princessa.knit
⠀
2. Поставить лайк этой публикации.
У @lebedeva_anastasia_ ! под токой же публикацией в комментариях отметить подруг, 1комментарий=1подруга 👯. Количество комментариев НЕ ограничено. ‼️розыгрыш проведем через #Lizaonair в прямом эфире по коментариям к посту на странице @lebedeva_anastasia_ 💗. ⠀
3. Упоминание в сториз не обязательно, но очень приветствуется🙌

Удачи! Счастливой и тёплой весны!
⠀
✨✨✨
#giveaway #розыгрыш #даримпряжу #открытки #мкбесплатно #розыгрышпряжи #розыгрышмк #дариммк #мквподарок #пряжавподарок";1552289827;996;3744693191;False;мквподарок
BuEbceZA0a2;"Мастер-класс ""Ложечки своими руками"", для чая или закусок. Свой дизайн, любая форма и замысел. Помощь мастера+ ваша задумка=супер оригинальное изделие. 
700р- 1-1,5часа. 
По запросу - любой день, любое время! Как вам удобно)

Пс. Подборка ложек из инета.

#гончарная_школа #гончарные_курсы #подарок_близкому #сертификат_в_подарок_нск #сертификатвподарок #сертификат_на_гончарный_круг #мквподарок #мк #творческиеМК #керамика_для_всех #гончарноеремесло #ручнаялепканск #керамикасувениры #ручная_лепка_глина #керамиканск #гончарныемк #гончарнаястудия  #керамическиефигурки";1550591829;48;5688708100;False;мквподарок
BuG3mLbF3IG;"Вы любите красивые вещи? А знаете как делать их самим? А знаете, что броши сейчас на пике популярности? 🌺
Я хочу поделится с Вами своим опытом на мастер-классе, который пройдет в Москве 2 марта (суббота). Делать будем брошь-цветок: листайте карусель.🌹 Продолжительность с 10.30 до 19.00 с перерывом на обед. 🍰☕
Все материалы и эскизы предоставляются. Вы можете выбрать основной цвет изделия. Уровень- новичок. 
Стоимость 5 тыс.
 По всем вопросам- пишите в Директ.
Кто с нами?
.
.
.
.
.
.
.
.
.
#мкповышивке #мквышивка #вышивкабисером #брошьсвоимируками #цветысвоимируками #мквподарок #подарокна8марта #брошьцветок #брошь-цветок #брошьизбисера #брошьмк #мкброши #вышивкабисероммк #вышивкадляначинающих #вышивкаброшей #вышивкалентами #обьемнаявышивкамк #мквышивкапайетками #вышивкамастер #вышивказолотом #вышивкарококо #люневильскаявышивка #вышивкамкдляначинающих";1550673698;388;4166441600;False;мквподарок
BuI4Ap9Ajev;"*ДЛЯ МЕРОПРИЯТИЙ*
У вас праздник: день рождения, девичник, корпоратив!
И вы хотите, чтобы он прошел интересно, увлекательно и запомнился вам и вашим гостям!
*
DOBROTOYS проведёт для вас и вашей компании творческий мастер - класс по созданию волшебного единорога 🦄
И у каждого участника в память об этом дне останется свой собственный, созданный своими руками ☝️единорог!
*
Наши Мастер-классы подходят как для детей, так и для взрослых ❤️
*
Бронировать не позднее, чем за 2 недели
#мкЧелябинск #мкПапьеМаше #мкКраски #мкЕдинорогЧелябинск #мкОленьЧелябинск #мкДиноЧелябинск #игрушкаСвоимиРуками #мкДляДетейИвзрослых #создаемЕдинорога #создаемОленя #создаемДинозавра #добротойс #добрыеИгрушки #unicorn #magic #art #decor #design #present #мкВподарок #dobrotoys #творческийКорпоратив";1550741023;49;1551116432;False;мквподарок
BuInsNegb8Q;"Праздник защитников отечества уже через два дня 🌟
Но вы все ещё успеете связать солдатика по моему бесплатному мастер-классу, который можно скачать по ссылке в шапке профиля 😉
Сделать подарок мужчинам, своими руками, очень просто! 🤗";1550732467;141;5841428599;False;мквподарок
BuJtZFFD9Tu;"🎁ПОДАРОЧНЫЙ СЕРТИФИКАТ🎁
⠀
Кажется совсем недавно мы бегали по магазинам в поисках подарков к Новому году, а кто то только на днях выбросил, в прошлом праздничную, ель🎄, как уже совсем скоро, буквально через пару недель, завершающий праздничный марафон-день 8 марта!🌷
⠀
Я обожаю дарить подарки, и люблю к праздникам готовиться заранее! Но что делать, когда времени на покупки катастрофически не хватает?🙎 Меня всегда выручают подарочные сертификаты☝💡. 5 лет назад было в порядке вещей дарить сертификаты на покупку косметики, бытовой техники, спорттоваров, и даже мебели. Сейчас в тренде дарить ЭМОЦИИ!😀 Сертификат на творческий мастер класс идеально справится с этой задачей!
⠀
Конечно, многие уже знают, что у нас можно приобрести сертификат на любой номинал💳. Более того, многие у нас их приобретают💁Мы видим каждый раз счастливые лица гостей, которым сделали этот чудесный подарок☺️. Мы безмерно благодарны, что вы доверяете нам! В особенности, внимательным и щедрым мужчинам, которые радуют своих дорогих женщин, мам!😍 Приятно, что таких немало.
⠀
Если ты давно мечтаешь прийти к нам, или получить такой подарок от близкого человека-ты знаешь, что делать😉 просто перешли этот пост.
⠀
На фото наш электронный сертификат, который также можно у нас приобрести удаленно, и порадовать своих близких из любой точки мира! Или, может, сделать сюрприз от ""тайного"" поклонника🤔😎...
⠀
Заказать сертификат можно по телефону 927 87 78 или на нашем сайте handyclass.spb.ru
⠀
⠀
⠀
#подарочныйсертификат #сертификат #подарокк8марта #8марта #чтоподарить #мастерклассвподарок #мквподарок #идеиподарка #идеяподарка #необычныйподарок #любимой #подарокмаме #подарокдлямамы #подароклюбимой #handyclass";1550769011;36;8346599004;False;мквподарок
BuLUmHDDA6e;"Поиграем?😉
⠀
Угадай фильм
⠀
В карусели загаданы фильмы в виде эмодзи 😁
⠀
Попробуйте проверить себя и  догадаться какие фильмы зашифрованы👩‍🎤
⠀
Пишите свои варианты в комментариях 👇
.
Тому, кто первый угадает все 9 фильмов, подарю любой мой МК на выбор или скидку 20% на изделие из наличия.";1550823119;167;4163748933;False;мквподарок
BuN0pJhD_30;"Защитников отечества с праздником! ⭐️2️⃣3️⃣⭐️
-
Вы поздравляете всех своих мужчин или только тех, кто был в армии, или только военных? ⭐️
-
Я буду поздравлять отца и мужа, они оба прошли через армию
А мужа я даже ждала 🙂 Так что и меня можно поздравить 😄
Целый год, каждый выходной, в любую погоду, я ездила, чтобы мы могли часок пообщаться в крохотной душной комнатке, забитой такими же парочками и родителями солдат. Хорошо, что служил он не так далеко, пара часов и я на месте. Было тяжело, но мы со всем справились 😊
-
И в честь праздника ⭐️акция⭐️, вы можете приобрести любую игрушку из наличия, всего за 500₽ 🤗
Игрушки в наличии можно посмотреть в актуальном сторис
Акция действует до 23:59 23.02.19
Доставка оплачивается отдельно";1550907030;131;5841428599;False;мквподарок
BuRl5ZVAFzv;"*СКАЗКА НА НОЧЬ*
Интересная сказка для деток и их родителей 🤗
Небольшая, но очень добрая
*
""Приключения маленькой звёздочки""
*
Жила-была маленькая яркая Звёздочка. Когда её спрашивали: ""Откуда ты появилась?"", Звёздочка улыбалась и говорила, что она внучка солнышка. Её Мама - большая яркая звезда очень волновалась за маленькую любопытную дочку, потому что всем известно, какие опасности подстерегают маленьких звездочек в тёмном небе.

А Звёздочка и вправду была озорница. То убежит гулять на дальний край звёздной полянки, то подговорит других маленьких звездочек перепрыгивать через облака, да мало ли что еще!

Но однажды, когда погода была ясная, Звёздочка увидела удивительную картину. Ей показалось, что внизу полно других маленьких звёзд! Мама- звезда посмотрела туда, Куда смотрела Звёздочка и улыбнулась: ""Это не звёзды. Звёзд на земле не бывает. Там живут люди."" Звёздочка развеселилась и засияла ярче. Но мама ей сказала: ""Осторожно, Смотри не упади"" С этого дня Звёздочке всё время хотелось опять увидеть земные огни. И однажды, когда мама была занята, Звёздочка тихонечко подошла к самому краешку полянки, на которой они жили, и... стремительно упала вниз!! Сколько времени она падала - неизвестно. Но когда она открыла глаза, то увидела, что лежит на ладошке у маленькой девочки. Девочка внимательно рассматривала звёздочку: ""Ты не ушиблась? Я видела как ты падала и успела тебя поймать. Как ты здесь оказалась?"" ""Я не слушалась маму"", - расстроилась Звёздочка. Девочка, а её звали Алиса, сказала: "" Что ты, милая Звёздочка, разве можна не слушаться маму! Но не беда, мы сейчас что-нибудь придумаем"". Позвала своих друзей, они взялись за руки и все вместе подбросили лёгонькую звездочку высоко- высоко в небо, а там её подхватил Попутный ветер и принёс прямо на порог их Звёздного домика.

Мама так обрадовалась, что даже не стала сердиться. Но с тех пор маленькая Звёздочка больше не озорничает!

Ремнева Алиса©

Ну как вам? Мило, правда? 😍🤗 Мы очень любим добрые сказки, а вы?
Выкладывать ещё?
#добрыеСказки #добрыеИгрушки #звездочка #ночка #добройНочи #сладкихСнов
#мкЧелябинск #мкПапьеМаше #мкКраски #мкЕдинорогЧелябинск #мкОленьЧелябинск #мкДиноЧелябинск #игрушкаСвоимиРуками";1551033517;237;1551116432;False;мквподарок
BuXuawBAnP8;"Уже через несколько дней состоится долгожданное событие, творческий  week-end под руководством Ларисы Иванисенко @larivaaqua ""Акварелью о цветах"".
⠀
2 марта займёмся изучением фактур, рисованием анатомии предметов, поупражняемся в передаче структур и поверхностей акварелью.
Итоговой работой станет этюд , натюрморт с использованием всего что успеем узнать и усвоить за этот коротенький бесценный урок.
⠀
3 марта всецело посвятим пионам.
⠀
Спешим поделиться информацией о необходимых материалах  для этого дня, чтобы все художники могли заранее подготовиться к созданию своего неповторимого пионового сада.
⠀
Для работы в этот день нам  пригодится довольно много разных интересных  инструментов. ⠀
Подробно обо всем в комментариях.
⠀

Присоединиться  к художникам, неравнодушным к цветам и акварели, записаться на мк 2,3 марта можно по тел:
89139873676";1551239311;83;7371398625;False;мквподарок
BuZDATdDgPS;"Живите ярко! Получайте удовольствие от жизни каждый день!😄 Радуйтесь солнцу☀️, весне🌷, каждой встрече👯, каждому мгновению-здесь и сейчас!💫
⠀
Если трудно найти повод:
💚Сегодня наш город посетило солнышко!☀️
💚Завтра последний день календарной зимы😉
💚Вдохновитесь покупками подарков для близких к 8 марта🎁
💚Приготовьте вкусный ужин при свечах🍽
💚Купите букет желтых нарциссов для весеннего настроения!🌼
💚Обнимите и поцелуйте своих близких💋
💚Зайдите в Handy Class на чашечку кофе!☕
⠀
#вдохновение #настроение #веснавпитере #мотивация #handyclass #благодарность #цитатадня #спб #питер #умныемысли #цветыспб #мастеркласс #скоровесна #интерьер  #цветыжизни #корпоратив #тимбилдинг  #мкпофлористике #подарочныйсертификат #сертификат #подарокк8марта #8марта #чтоподарить #мастерклассвподарок #мквподарок #идеиподарка #идеяподарка  #подарокмаме #подарокдлямамы #подароклюбимой";1551283659;50;8346599004;False;мквподарок
Bub05gxjP8v;"🌼ВЕСЕННЯЯ КОРЗИНКА🌼
⠀
Создаем весеннее настроение, а помогут нам в этом тюльпаны, мимоза, весенние цветы и зелень. Мы будем делать корзину с цветами, которая долгое время будет радовать своим ароматом, или же послужит прекрасным подарком к 8 марта!🎁
⠀
ЧТО ТЫ УЗНАЕШЬ НА МАСТЕР-КЛАССЕ
⠀
❤️научишься работать с живыми цветами
❤️получишь советы эксперта по уходу за срезанными цветами
❤️создашь уникальный подарок своими руками
❤️​прекрасно проведешь время в компании творческих людей
⠀
ДЛЯ КОГО ЭТОТ МАСТЕР-КЛАСС
⠀
🙋для любого уровня подготовки
🙋для тех, кто хочет создать подарок своими руками
🙋для тех, кто любит растения и хочет научиться с ними работать
🙋для тех, кто хочет открыть в себе навыки флориста
⠀
В СТОИМОСТЬ ВХОДИТ
⠀
✅форма для композиции
✅цветы, зелень
✅необходимый инвентарь для работы с цветами
✅памятный диплом
✅фотоотчет на почту
✅композиция, которую вы заберете с собой.
⠀
⠀
Моментальная запись: ☎️ 927-87-78 или напишите в Директ
⠀
⠀
#мкспб #хочустатьфлористом #творческийпитер  #декорпитер #будуфлористом #люблюцветы #цветывмоде #хожунамастерклассы #делаюсвоимируками #handyclass #spb  #длядетей #питер #мамасыночка #подарокна8марта #артвечеринкиспб #платьяспб #interior #интерьер #8марта #мкпофлористике #подарочныйсертификат #сертификат #чтоподарить #мастерклассвподарок #мквподарок #идеяподарка  #подарокмаме #подарокдлямамы #подароклюбимой";1551376926;85;8346599004;False;мквподарок
BuefJxbFy6q;"Не знаете что подарить на 8 марта маме, подруге, взрослой дочери, коллеге?🤔
.
Отличным вариантом станет подарочный сертификат от арт-студии @Dream-art-yar 👏🏻👍🏻
.
Посещение мастер-классов, индивидуальное занятие, посещение вот-вечеринки - на любой возраст и вкус найдётся мероприятие по душе!
Человек сам сможет выбрать, что ему больше нравиться и придти в удобное время😌
.
Так же возможно приобрести сертификат на изготовление:
🌸шаржа
🌸портрета
🌸интерьерной картины
.
С первым Днём Весны!!!!🌺🌺🌺
.
.
.
#весна 
#8мартаподарки
#подаркиЯрославль
#шаржЯрославль
#МКвподарок
#8марта
#подаркилюбимым
#dream_art #dream_art_yar #пастель #мастерклассярославль #мкярославль #пастельярославль #рисуемпастелью #рисуемярославль #ярославль #рисованиеснуля #урокрисования #рисую #индивидуальныеуроки #живопись#артстудия #студияярославль #артстудияярославль #творческоепространство #арендастудии";1551466188;34;9208366812;False;мквподарок
Bug-UebDeID;"Решили напомнить расписание мастер-классов на 🌷МАРТ🌷
Сохрани у себя в закладках, чтобы не потерять.
✅3.03 13.00-16.00 ФРИДА портрет Фриды формата А3, из цветков и лепестков: лютика, гелихризума, эвкалипта, хризантем, гвоздики, роз, статицы, сафари|3499р
✅5.03 19.00-22.00 ПОДАРОК К 8 МАРТА подарочная коробка с розами, сезонными цветами, фаленопсисом, зеленью питоспорума, фисташки|2499р
✅6.03 19.00-22.00 ВЕСЕННЯЯ КОРЗИНКА корзина с весенними цветами, мимозой, желтыми тюльпанами, зеленью фисташки, питоспорума|2999р
✅7.03 19.00-22.00 ПРАЗДНИЧНЫЙ БУКЕТ букет собранный по спирали, из роз, фисташки, эвкалипта, ягод, в упаковке|3499р
✅9.03 13.00-16.00 ЛОВЕЦ СНОВ на каркасе из веток, с сухоцветами и перьями|2599р
✅10.03 13.00-16.00 ПРОВОДЫ ЗИМЫ композиция из свечей, на деревянном спиле, с вербами и розовыми цветами|1999р
✅12.03 19.00-22.00 ФИТОПАННО Лесная картина 30*40 из стаб. мха и коряг|2999р
✅16.03 13.00-16.00 ВЕСЕННИЕ СУХОЦВЕТЫ букет на каркасе из сухоцветов в розово-фиолетовой цветовой гамме.|2599р
✅17.03 13.00-16.00 ПРИРОДА ЦВЕТОВ композиция в вегетативном стиле, с цветущими луковичными растениями, декоративным мхом, ветками|3499р
✅19.03 19.00-22.00 ВЕНОК ИЗ СУХОФРУКТОВ венок с орехами, сушеными ананасами,  слайсами груш, яблок, апельсинов|2799р
✅21.03 19.00-22.00 ФОНАРЬ интерьерная композиция в декоративном фонаре, с лотосом, фаленопсисом, кустовой розой, гипсофилой|2999р
✅23.03 13.00-16.00 ЦВЕТОЧНЫЙ ТОРТ комп-ия в виде торта со сладким декором, листьями пальмы, кустовой розы, фаленопсисом, гвоздика, розовой гипсофилы|2999р
✅24.03 13.00-16.00 ЦВЕТОК ПУСТЫНИ ""вечный"" букет из протеи, живой зелени, эрингиума, после засыхания не теряет свою декоративность|2999р
✅26.03 19.00-22.00 СУХОЦВЕТЫ В КОРОБКЕ композиция из сухоцветов в шляпной коробке|2599р
✅28.03 19.00-22.00 МОРЕ флорариум в круглой стеклянной форме, с суккулентами, морским декором|2499р
✅30.03 16.00-19.00 БУКЕТ НЕВЕСТЫ букет в параллельной технике, из калл, перьев, эрингиума, эвкалипта|3999р
✅31.03 13.00-16.00 СЛАДКИЕ МЕЧТЫ композиция с орхидеей, розой кустовой,  хризантемой сантини, гвоздикой, маршмелоу, зефиром, в шляпной коробке|2999р";1551549638;78;8346599004;False;мквподарок
Bugi3AiAYpn;"Ничего просто так никому не дается🙃
⠀
Два раза участвовала в челленже с @vatahandmade #17занеделю и была в восторге☺️ это огромный заряд сил, мотивации и энергии💃🏻
⠀
В последнем челленже я связала так много, что отдала заказы раньше и у меня даже осталось время навязать на ярмарку наличие☝️
⠀
Этот челленж от Татьяны меня очень вдохновил, поэтому хочу запустить свой, но мы не будем ограничиваться рукоделием🙌
⠀
Предлагаю вам, вместе со мной начать сегодня делать то, что вы давно хотели,  и вроде бы, есть возможность, но почему-то все время откладывали на «завтра»
⠀
Участвуйте вместе со мной! Я буду вязать, много вязать. И, конечно же, по 2 поста в день выкладывать хочу, для поднятия активности☝️
🎁 А самому активному участнику я подарю на выбор: МК панды либо готовую панду.
⠀
Доставка за счет победителя ✈️
⠀
🔻Если вы рукодельницы - доставайте недоделанные работы 😏
🔻Если вы блогер - сдувайте пыль с блокнотов с контент планами👀
🔻Если вы давно хотели начать изучать что-то новое для себя - готовьте конспекты 🖊
🔻Если вы просто хотите участвовать со своим предложением - добро пожаловать🙌
⠀
Выкладывайте свои планы в течение дня под хэштегом #успетьзанеделю_babykniting
И так же в течение недели с 2.02 по 9.03 под этим же хэштегом свои результаты💪 Я буду следить за каждым и ставить ❤️ и самых активных покажу в сторис⠀";1551535241;42;6758851510;False;мквподарок
Bugls00jWfa;"💐ПРАЗДНИЧНЫЙ БУКЕТ💐
⠀
В канун 8 марта посвятите время для себя! Сделайте своими руками  роскошный букет из роз! 🌹 Пусть он украсит ваш дом. 🏡
⠀
Мастер-класс-отличный повод для того, чтобы сделать подарок своими руками. Или ты можешь приобрести сертификат на него для кого то близкого и дорогого!💝
⠀
⠀
ЧТО ТЫ УЗНАЕШЬ НА МАСТЕР-КЛАССЕ
⠀
❤️научишься работать с живыми цветами
❤️получишь советы эксперта по уходу за срезанными цветами
❤️создашь уникальный подарок своими руками
❤️научишься упаковке букетов
❤️​прекрасно проведешь время в компании творческих людей
⠀
ДЛЯ КОГО ЭТОТ МАСТЕР-КЛАСС
⠀
🙋для любого уровня подготовки
🙋для тех, кто хочет создать подарок своими руками
🙋для тех, кто любит растения и хочет научиться с ними работать
🙋для тех, кто хочет открыть в себе навыки флориста
⠀
В СТОИМОСТЬ ВХОДИТ
⠀
✅форма для композиции
✅цветы, зелень
✅необходимый инвентарь для работы с цветами
✅памятный диплом
✅фотоотчет на почту
✅композиция, которую вы заберете с собой.
⠀
⠀
Моментальная запись: ☎️ 927-87-78 или напишите в Директ
⠀
⠀
#мкспб #хочустатьфлористом #творческийпитер  #декорпитер #будуфлористом #люблюцветы #цветывмоде #хожунамастерклассы #делаюсвоимируками #handyclass #spb  #длядетей #питер #мамасыночка #подарокна8марта #артвечеринкиспб #платьяспб #interior #интерьер #8марта #мкпофлористике #подарочныйсертификат #сертификат #чтоподарить #мастерклассвподарок #мквподарок #идеяподарка  #подарокмаме #подарокдлямамы #подароклюбимой";1551536730;57;8346599004;False;мквподарок
Buigs2xgID3;"*ЯРКИЙ*
Посмотрите каким ярким может быть дизайн.
Спасибо вам, наши дорогие подписчики и заказчики, что вдохновляете нас на создание новых дизайнов💜💜💜
*
Вы и сами можете создать уникальную красоту на наших мастер-классах🙌🎨
*
Приглашаем на мартовские творческие мк в Челябинске 10 и 24 марта. Запись открыта.
Количество мест ограничено

#яркийДино #фиолетовый #ультрафиолет #серебро #фиолетовыйДекор #папьеМаше #динозаврик #диноСвоимиРуками #доставкаБесплатная #мкЧелябинск #мкПапьеМаше #мкКраски #мкЕдинорогЧелябинск #мкОленьЧелябинск #мкДиноЧелябинск #игрушкаСвоимиРуками #мкДляДетейИвзрослых #создаемЕдинорога #создаемОленя #создаемДинозавра #добротойс #добрыеИгрушки #unicorn #magic #art #decor #design #present #мкВподарок #dobrotoys";1551601218;146;1551116432;False;мквподарок
BujFOPFj2-O;"💤ЛОВЕЦ СНОВ💤
Это талисман, который охраняет сон спящего человека. Изобретение талисмана принадлежит индейскому народу. Вы удивитесь, но ему уже одна тысяча лет😳. Благодаря ему можно рассчитывать на то, что спящему человеку будут сниться благоприятные сны😴. Ловец снов обещает, что ничего плохого со спящим человеком не случится😌.
⠀
Об этом, и не только, на мастер классе по созданию ловца снов из сухоцветов и перьев.
⠀
ЧТО ТЫ УЗНАЕШЬ НА МАСТЕР-КЛАССЕ
⠀
🍂научишься работать с сухоцветами
🍂узнаешь все о ловцах снов
🍂получишь советы эксперта
🍂создашь уникальный предмет интерьера своими руками
🍂​прекрасно проведешь время в компании творческих людей
⠀
ДЛЯ КОГО ЭТОТ МАСТЕР-КЛАСС
⠀
🙋для любого уровня подготовки
🙋для тех, кто хочет создать декор своими руками
🙋для тех, кто любит цветы и хочет научиться с ними работать
🙋для тех, кто хочет открыть в себе навыки флориста
⠀
В СТОИМОСТЬ ВХОДИТ
⠀
✅материалы для картины
✅свежие цветы
✅декор
✅инструменты
✅шедевр, который вы заберете домой.
⠀
⠀
⠀
Моментальная запись: ☎️ 927-87-78 или напишите в Директ
⠀
#мкспб #хочустатьфлористом #творческийпитер  #декорпитер #будуфлористом #люблюцветы #цветывмоде #хожунамастерклассы #делаюсвоимируками #handyclass #spb  #длядетей #питер #мамасыночка #подарокна8марта #артвечеринкиспб #платьяспб #interior #интерьер #8марта #мкпофлористике #подарочныйсертификат #сертификат #чтоподарить #мастерклассвподарок #мквподарок #идеяподарка  #подарокмаме #подарокдлямамы #подароклюбимой";1551620366;77;8346599004;False;мквподарок
BulwGAOgq5C;"*КАК ПРОХОДЯТ НАШИ ТВОРЧЕСКИЕ МАСТЕР-КЛАССЫ*
Сегодня мы решили подробнее рассказать о том, как создаются уникальные игрушки на наших мастер-классах.
*
И так, что же предстоит сделать, прежде чем на свет появятся новенькие, хорошенькие, мимишные единорожки, оленятки и динозаврики:
🖌️Знакомимся с материалами, которыми будет работать
🖌️Немного шумим, делая заготовку идеально гладкой для покраски. В этом нам помогает шлифовочный материал
🖌️Крепим рожки
🖌️Придумываем цвет тела будущего милахи и смешиваем краски - колористика
🖌️Наносим краску техникой тамповки специальной губкой для бархатистой и ровной поверхности
🖌️Если создаём единорогов - крутим и крепим гривки и хвостики из ниток
🖌️Наносим декор или роспись
*
🦄Атмосфера всегда творческая и интересная.
🦄Уровень подготовки может быть любой, мастер всегда помогает на всех этапах.
🦄И своих, полюбившихся в процессе создания малышей вы забираете домой😍❤️
*
Приходите на наши Мастер-классы, творите, фантазируйте!💖🙌🎨
Ближайшие в Челябинске 10 и 24 марта. Участие по предварительной записи - в директ или WhatsApp 89227496370.
Количество мест ограничено
#мкЧелябинск #мкПапьеМаше #мкКраски #мкЕдинорогЧелябинск #мкОленьЧелябинск #мкДиноЧелябинск #игрушкаСвоимиРуками #мкДляДетейИвзрослых #создаемЕдинорога #создаемОленя #создаемДинозавра #добротойс #добрыеИгрушки #unicorn #magic #art #decor #design #present #мкВподарок #dobrotoys #мастерКлассЕдинорог";1551709951;35;1551116432;False;мквподарок
BuraqL0DtUI;"Подарок для тебя 🌟
⠀
В этой открытке подарок для нее - сертификат на посещение мастер-класса.
⠀
Можно пригласить на свидание , подарить на день рождения, на 8 марта, в первый день лета или осени...
⠀
В карусели фотографии как он выглядит внутри.. ⠀
⠀

Как вам ? Уже придумали кому подарите ? ⠀
⠀
 #ink #inks #alcoholink  #alcoholinkart  #alcoholinkartist #fluidart #art #artist #modernartist #creative #inspiration #дизайн #подарочныйсертификат #подарок #мквподарок  #картинавинтерьер #интерьер #365colorfull #спиртовыечернила #алкогольныечернила #мкспиртовыечернила #мкпорисованию";1551900040;77;10563400920;False;мквподарок
BusWHvmAFtS;"✩ОДНИМ ГЛАЗКОМ✩
(Дарю билет в школу Тедди)
- А можно сперва посмотреть, что у вас на мастер-классах происходит, а потом выбрать тот, который мне больше подойдет? и уже по нему обучаться?
- А можно! 
В честь нашего девочкового дня, у меня необыкновенное предложение!!!.
Вход в секретную группу четырех онлайн-курсов #школа_тедди_lilyglu «Ступень 1», где можно увидеть видео-уроки, публикации, вопросы и ответы сразу по четырем зверятам!

И сегодня я, внимание, дарю два билета в эту группу!!! С вас:
- лайк и подписка на @teddy_lilyglu
- репост в сториз и/или в профиле с отметкой @teddy_lilyglu и текстом ""Лиля дарит мк по Тедди""
- капелька везения

С меня:
-номерок за каждый ваш репост(если подписались и лайкнули)
- генерация счастливых чисел завтра, 8 марта, вечерком
- два пригласительных в группу

А пока посмотрим меню и попредвкушаем, какой чудесный подарочек достанется кому-то из вас! Ведь группа содержит:
МК «Первый мишка Тедди» 
МК «Шьем бегемотика Тедди»
МК «Шьем кролика Тедди»
МК «Шьем лисенка Тедди»

Заказать вход в группу, не зависимо от итогов дарения, можно через директ – 2000р. Набор выкроек к любому из курсов в подарок, остальные по желанию - в магазинчике группы. Я всегда на связи и готова поддержать, подсказать, сориентировать!

Подробнее о курсах первой ступени по тегу #школа_lilyglu_cтупень1

#шьемтедди #тедди #мквподарок #8марта #подарок";1551931215;138;1565815705;False;мквподарок
BustQEGDhkt;"🔥АКЦИЯ НА МК И ИГРУШКИ ИЗ НАЛИЧИЯ🔥
В честь нашего ЖЕНСКОГО праздника, я дарю СКИДКУ на на ВСЕ МК и ИГРУШКИ ИЗ НАЛИЧИЯ 30%!!!
СКИДКА действует только 7-8 марта 🎁
Игрушки в карасельке, а МК в актуальном (МОИ МК)
МК Мышей- 245₽
МК ДИНОзаврика- 175₽
МК РОЖДЕСТВЕНСКОГО ОЛЕНЯ  и МК ХРЮШКИ- 210₽
МК КОШЕЧКИ -140 ₽
МК ЧЕРЕПАШКИ еще нет, но можно его приобрести сейчас со скидкой и я вышлю его Вам позже. Готов будет через 1-1.5 недели.
----------------------------------------------------
Р.s. до НГ больше скидок не будет 😘 
СПЕШИТЕ🏃‍♀️🏃‍♀️🏃‍♀️
#акция#подарки#8мартаподарок#8марта#беларусь#новополоцк#игрушкибеларусь";1551943342;544;4990967169;False;мквподарок
ButCVw1j1ht;"🌼СТОП🌼 скоро проведу розыгрыш!
Впереди выходные, посвящённые самому весеннему празднику!🌿🌸🌹
И мне тоже хочется сделать подарок своим подписчикам - разыграть МК по этому милому зайчику-толстячку (будет 3 победителя)🐰
.
Условия участия просты:
💙Подписаться на меня @fox_and_dog , если ещё не подписаны ☺.
💚 Поставить 💗 этому посту.
💜В комментарии указать двух подруг (2 аккаунта в одном комментарии), которым тоже мог быть интересен розыгрыш МК (количество комментариев не ограничено).
.
Розыгрыш проведу 11 числа. После окончания праздников будет очень приятно получить ещё один подарок 🎁.
.
Я желаю всем удачи, весеннего настроения и душевных выходных!!!🌷
@lizaonair";1551954399;175;4600144548;False;мквподарок
BuzSGM2Fiar;"МК в подарок!
_ _ _ _ _ _ _ _ _ _ _ _ _ _ _ _ _ _ _ _ _ _ _ _ _
Приятное послевкусие от 8 марта для Вас. Розыгрыш посещения любого апрельского мастер-класса в мастерской it's ME. 
_ _ _ _ _ _ _ _ _ _ _ _ _ _ _ _ _ _ _ _ _ _ _ _ _
Условия просты:
🌷 быть подписанным на организаторов мастер-классов @itsme_workshop и @lydiaboxmen ;
🌷поставить ❤ этой публикации;
🌷отметить в комментарии двух подруг.
Количество комментариев не ограничиваем 😏
_ _ _ _ _ _ _ _ _ _ _ _ _ _ _ _ _ _ _ _ _ _ _ _ _
Расписание мк на апрель вскоре появится в ленте ) и Вы сможете выбрать интересный для себя вариант.
_ _ _ _ _ _ _ _ _ _ _ _ _ _ _ _ _ _ _ _ _ _ _ _ _
#мк #мктюмень #мастеркласс #мастеркласс72 #пошивназвказ #обучение #мастератюмени #мастеркласстюмень #8марта #веста2019 #весна72 #веснатюмень #ателье #розыгрыш #подарок #мквподарок #мода #handmade #handmade72";1552163987;62;1671616619;False;мквподарок
Bv0xFX3Akc_;"Девочки, кому еще наборчики для самостоятельного пошива Куколки???
С таким наборчиком, вы сможете сшить Куколку, даже при отсутствии швейной машинки🙌
-
В набор входит:
🎀Простроченные детали
🎀Раскроенное платье
🎀Репсовая лента
🎀Колготочки
🎀Сапожки
🎀Шапочка
🎀Трессы
🎀Набор игл
-
Куколка получится очень нежная как на фото🌸
-
🔴Стоимость набора 2000Р.
-
Подробный Мастер Класс по пошиву Куклы в подарок🎁
Что вы получите в данном МК:
✂Выкройка Куклы 27- 30см
✂Какие материалы лучше использовать
✂Как правильно кроить
✂Как шить из трикотажной ткани
✂Как набивать детали
✂Как сшивать детали
✂Как сделать поворотную голову
✂Как крепить волосы - 👋Пишите в Директ или WA(ссылка в шапке профиля)
#наборымарустрел";1554361271;428;410416838;False;мквподарок
Bv4GqFCD-ou;"ПРИДУМАЕМ БЕЛОЧКЕ ИМЯ ВМЕСТЕ?😁
Есть предложения?🤗
Р.s. Чьё имя выберу, тот получит МК 🐿 в подарок 🎁";1554473245;1275;4990967169;False;мквподарок
BvHfpPsAx8l;"МАЯКИ... мы запомним теперь надолго⚓️
❗️4 часа ❗️бесподобного Мастер-класса с неутомимой #марусинаклюква , которая( на минуточку)провела ещё один мк с утра🤪
Мария сказала, что работать сегодня будем в ПЛАСТОВОЙ ТЕХНИКЕ, я же могу от себя добавить, что работали в 🙂пластовой
😉шаровой
☺️вырезной
😊протыкной
😆раскатной
🤣мозговзрывной и других техниках!
👍было интересно, не просто, креативно👍
🙏с нетерпением ждём следующего воскресенья и глазуровки наших МАЯКОВ-светильников☀️
#марусинаклюква #мастерскаясорокиной #лепитьвраменском #мкраменское #маяккерамика #подарокизглины #мквподарок";1552842178;119;7002939235;False;мквподарок
BvOpPVEHB0k;"Все 4⃣ части из серии мастер - классов по созданию подушек амигуруми готовы 😄
⠀
Листайте карусель, за поддержку лайками 💖 благодарю.
⠀
МК в видео-формате содержит описание вязания подушек-зверушек:
✔️ Пингвин
✔️ Лиса
✔️ Жираф
✔️ Медведь
⠀
Если вы имеете начальные навыки вязания крючком, не умеете или плохо читаете схемы, тогда данный МК именно для вас 😁
⠀
Посмотрев его, вы научитесь вязать:
✔️ круг правильной формы столбиками без накида и с накидом
✔️ первый столбик с накидом вместо петель подъема
✔️ импровизировать в процессе вязания
✔️ правильно располагать детали на лицевой части подушки (мордочка)
✔️ соединять детали подушки несколькими способами
⠀
В каждой части подробно показываю, как вязать две подушки из акрила: маленькую d-24 см и большую d-50 см.
Вместе с тем, по МК вы свяжете 8⃣ подушек из акрила и 4⃣ - из плюша, а всего 1⃣2⃣ 😁👍
⠀
Разве такое возможно? 🤔
 О, да 😃
⠀
Но только первая часть МК (пингвин) содержит подробное описание вязания основного полотна подушки, в остальных частях этому внимание не уделяю. Ссылка на схему содержится в описании к каждому  видеоролику.
⠀
МК ""Пингвин"" - 4⃣0⃣0⃣ рублей, остальные - по 1⃣5⃣0⃣ рублей каждый.
⠀
⠀
Все, что от вас требуется:
📌  написать мне в директ
📌 оплатить выбранные части МК на карту и прислать подтверждение
📌 сообщить свой электронный адрес на gmail.ru (он же логин) для получения доступа к видеороликам на YouTube - канале.
Если такого нет, обязательно  зарегистрируйтесь.
⠀
Какой МК Вы выбираете?";1553082090;38;6824407776;False;мквподарок
BvPVXVmlWmS;"✨Дорогие друзья, на это воскресенье есть два места на Мастер класс по созданию украшения из красивейшего, итальянского стекла в технике Тиффани. Он состоится в арт пространстве Артбуз, по адресу Лиговский 74, лофт проект Этажи, в 13-00. Длительность - 3 часа. На МК вы сможете собственными руками сделать себе брошь или серьги. Мы научим вас работать со стеклом, выдумывать и паять.
✨Стоимость МК 2000 рублей.
Для записи пишите в Директ)

#мктиффани #мкспб #МКвитраж #мквподарок #мкукрашения #МКмозаика #МКфьюзинг #МКброшка #мкброшь #мастерклассвитраж #мастерклассспб #hrust_stekla";1553105224;173;6282047828;False;мквподарок
BvTck-sDWiD;"💤ЛОВЕЦ СНОВ💤
⠀
Количество желающих в марте не уместилось в один день, и мы решили добавить еще одну дату, правда, и там уже осталось буквально пара мест!😉
⠀
Это талисман, который охраняет сон спящего человека. Изобретение талисмана принадлежит индейскому народу. Вы удивитесь, но ему уже одна тысяча лет😳. Благодаря ему можно рассчитывать на то, что спящему человеку будут сниться благоприятные сны😴. Ловец снов обещает, что ничего плохого со спящим человеком не случится😌.
⠀
Об этом, и не только, на мастер классе по созданию ловца снов из сухоцветов и перьев.
⠀
ЧТО ТЫ УЗНАЕШЬ НА МАСТЕР-КЛАССЕ
⠀
🍂научишься работать с сухоцветами
🍂узнаешь все о ловцах снов
🍂получишь советы эксперта
🍂создашь уникальный предмет интерьера своими руками
🍂​прекрасно проведешь время в компании творческих людей
⠀
ДЛЯ КОГО ЭТОТ МАСТЕР-КЛАСС
⠀
🙋для любого уровня подготовки
🙋для тех, кто хочет создать декор своими руками
🙋для тех, кто любит цветы и хочет научиться с ними работать
🙋для тех, кто хочет открыть в себе навыки флориста
⠀
В СТОИМОСТЬ ВХОДИТ
⠀
✅материалы для картины
✅свежие цветы
✅декор
✅инструменты
✅шедевр, который вы заберете домой.
⠀
⠀
⠀
Моментальная запись: ☎️ 927-87-78 или напишите в Директ
⠀
#мкспб #хочустатьфлористом #творческийпитер  #декорпитер #будуфлористом #люблюцветы #цветывмоде #хожунамастерклассы #делаюсвоимируками #handyclass #spb  #длядетей #питер #мамасыночка #подарокна8марта #артвечеринкиспб #платьяспб #interior #интерьер #8марта #мкпофлористике #подарочныйсертификат #сертификат #чтоподарить #мастерклассвподарок #мквподарок #идеяподарка  #подарокмаме #подарокдлямамы #подароклюбимой";1553243223;49;8346599004;False;мквподарок
Bv_-jUKAtDP;"Мне радостно радовать других, а вам?
⠀
Я очень люблю дарить подарки. Да, я отдаю, но сколько же я получаю взамен. Видеть радостное, счастливое лицо - вот это чудо! Особенно, если угадала с подарком.
⠀
Люблю дарить то, что сделала сама. Конечно, это волнительно. Ты вкладываешь частичку себя в каждую работу. Поэтому хочется 💯 попадания.
⠀
Недавно мне заказали партию археологических полотенец, предназначенных в подарок. В процессе печати у меня появилось много вариаций. На встречу с заказчицей я принесла всё, чтобы она могла выбрать.  К моему приятному удивлению, домой я ехала с пустым пакетом. Я была счастлива, что моё творчество будет радовать людей.
⠀
Что бы вы хотели получить в подарок:
⠀
🎁 полотенце с ручным принтом
⠀
🎁блокнот с принтом
⠀
🎁 сумку-шопер
⠀
🎁мк по печати на сумке
⠀
🎁мк по линогравюре
⠀
Ответы пишите в комментариях.⬇️
⠀
#хохринадарья #raraavisgallery #мквподарок #мкярославль #мклиногравюра #подарок #москва #ярославль #ручнаяпечать #handprint #linoprint";1554737431;19;10030714032;False;мквподарок
Bv_kxGNjxaA;"🎁ПОДАРОЧНЫЙ СЕРТИФИКАТ🎁
⠀
Конечно, многие уже знают, что у нас можно приобрести сертификат на любой номинал💳. Более того, многие у нас их приобретают💁Мы видим каждый раз счастливые лица гостей, которым сделали этот чудесный подарок☺️. Мы безмерно благодарны, что вы доверяете нам! В особенности, внимательным и щедрым мужчинам, которые радуют своих дорогих женщин, мам!😍 Приятно, что таких немало.
⠀
Если ты давно мечтаешь прийти к нам, или получить такой подарок от близкого человека-ты знаешь, что делать😉 просто перешли этот пост.
⠀
На фото наш пластиковый сертификат- традиционно мы упакуем его в холщовый мешочек🌷
⠀
Ну а электронный сертификат, который также можно у нас заказать удаленно, и порадовать своих близких из любой точки мира! Или, может, сделать сюрприз от ""тайного"" поклонника🤔😎...
⠀
Приобрести сертификат можно по телефону 927 87 78 или на нашем сайте handyclass.spb.ru
⠀
⠀
⠀
#подарочныйсертификат #сертификат #чтоподарить #мастерклассвподарок #мквподарок #идеиподарка #идеяподарка #необычныйподарок #любимой #подарокмаме #подарокдлямамы #подароклюбимой #handyclass";1554723912;32;8346599004;False;мквподарок
BvbQqt-DkAS;"Вас 10.000🔥
Спасибо, что с нами! Мы стараемся!
.
За это время было куплено и скачано очень много мк!
🎁Давайте сделаем конкурс)
.
До 1 мая выкладывайте работы, связанные по нашим платным и бесплатным мк, отмечайте @petelki_net в посте, ставьте #petelki_net_10000. Ну и конечно нужно быть подписанным на нас и профиль должен быть открыт, чтобы мы могли посмотреть вашу работу. Можете написать отзыв о мк, без указания автора.
.
По итогам мы выберем 5 лучших работ, оцениваться будет качество фото и изделия) и победители получат любой мк на выбор с сайта petelki.net (наборы не участвуют).
.
Всем удачи! Ждем ваши работы❤️.
.
Ну и конечно хочется сделать приятное @biggi_knit, которая стала 10.000 подписчиком! Выбирайте мк и напишите нам в директ🎉🌸.";1553505414;116;8751652837;False;мквподарок
BvhmAfHDn86;"Даааа....
Музей Победы -- это сила!!!
Сегодня уже вторая победа!(о первой читай в предыдущем посте):
Я выиграла МК по вязанию кроликов от @frants_toys !
Вот уж точно неожиданно!!!
Но приияятноооо!!!....
Спасибо девушкам за позитив!";1553717929;22;2219141040;False;мквподарок
Bvhqa9JD1PY;"Reposted from @bugakova.irina -  Даааа.... Сегодня уже вторая победа!(о первой читай в предыдущем посте):
Я выиграла МК по вязанию кроликов от @frants_toys !
Вот уж точно неожиданно!!!
Но приияятноооо!!!....
Спасибо девушкам за позитив! - #regrann";1553720243;29;3671177031;False;мквподарок
BvmOYZvDPlH;"🛑🔥Розыгрыш завершён! Победители в сторис!!! 🔥🛑 Чтобы вы не скучали в ожидании старта марафона, запускаем наш первый розыгрыш! Их мы будем проводить в каждом этапе, не пропустите! 😉
⠀
Сегодня на кону бокс с пряжей нежнейшего ментолового цвета, 5 моточков, 100% мерсеризованный хлопок. “Нарцисс”, ПНК Кирова 100г, 395м. Плюс набор из пяти милых мини-открыток от @sava_lavochka. И все это в красивом металлическом боксе.
Стоимость лота 1000 руб + доставка за наш счёт в любой уголок мира.🎁
⠀
Вместе с пряжей разыграем три мастер-класса по самой крутой повязке крючком от @ymi_hm. Мы знаем, вы очень хотите этот мастер-класс! 😉
⠀
В розыгрыше участвуют все, кто выполнит эти условия ⬇️
⠀
📍Поставит лайк ❤️ этому фото
📍Напишет в комментарии что-нибудь приятное или просто что-нибудь и отметит в нем же одну подругу через @, которой это было бы интересно.
⠀
А дальше у вас все уже должно быть выполнено:
📍Подписка на @vesna_na_kruchke
📍Скрин баннера марафона выложен в профиле с активной ссылкой на марафон @vesna_na_kruchke (картинка в галерее)
📍Подписка на организаторов, жюри и спонсоров марафона. 11 аккаунтов в подписках (правом верхнем углу аккаунта @vesna_na_kruchke)
📍Ваша страница на время проведения марафона должна быть открытой
⠀
Розыгрыш состоится вечером 1 апреля в прямом эфире с помощью сервиса @Lizaonair 
Автор первого комментария, выбранного удачей, получит бокс с пряжей и открытками, следующие три счастливчика получат по мастер-классу от @ymi_hm.
Мы проверим победителей на выполнение всех условий и если все верно, отправим призы.
Если какое-либо из условий не будет выполнено, мы проведем розыгрыш повторно.
Количество комментариев не ограничено (розыгрыш будет по комментариям, а не по уникальным авторам), но подруг нужно отмечать разных.
Удачи! 🍀🍀🍀
⠀
P.S.: Повязки на видео выполнены талантливыми ручками участниц нашего предыдущего марафона @marafon_na_kruchke 🤗😘";1553873315;889;6021309982;False;мквподарок
BvmQ3QVjaFz;"🍃ДАРЮ ОПИСАНИЕ МИТЕНОК🍃

Привет, друзья👋
Получите описание этих стильных митенок совершенно бесплатно😍
Условия очень просты:
📌Быть подписанным на меня @familyknit
📌Быть подписанным на @knitted.ideas
📌Поставить ❤ Публикации
📌Написать в комментах- Хочу описание митенок

И всееее💃💃💃
Направлю вам описание в директ✌";1553874616;590;3249447644;False;мквподарок
BvrtxobDvyx;"С детства я мечтала быть ювелиром, но закончила с красным дипломом госуниверситет по специальности бухгалтер и аудитор 🤔 До этого художественную школу с красным дипломом.

Всегда ли детские мечты становятся реальностью?

Думаю, не всегда, к сожалению.... Но мне повезло, я вспомнила, что хочу статью ювелиром, после того, как поняла, что моя основная работа перестала приносить мне радость. Деньги приносила, а вот радость нет, и каждый день становился более не выносимым.

Как научиться делать украшения своими руками за несколько часов? Будь то серебро или бронза?

Попробовать новую технику, с которой справиться даже 5 летний ребенок (было!). Все очень просто! Надо выбрать время от 3 до 5 часов в будние или выходные дни, записаться по вотцап 8-916-876-80-10 или по эл.почте etaya.art@gmail.com 
Мастер классы и обучение по созданию украшений из серебра и бронзы проходят в г.Мытищи по адресу ул.Колпакова д.2 офис 203 А

#мкмытищи
#ювелирнаястудия";1554057546;7;5704746253;False;мквподарок
Bvsxp2lAzm2;"Я сегодня с хорошими новостями, мастер класс по кошечке готов 😻Он в формате PDF, можно распечатать, можно читать прям со смартфона. Постаралась максимально все описать, получилось 25 страниц и море фотографий. 💸💸💸Стоимость МК 200р. А кто угадает сколько фотографий в МК получит его бесплатно🙀 Пришите в комментариях ваши варианты.
#подаркиручнойработы #любимоехобби #плюшеваяигрушка #оригинальныйподарок #ручнаяработа #вяжу #сделанослюбовью #амигуруми #вязание_крючком #азов #вяжутнетолькобабушки #подарок #ялюблювязать #amigurumi #рукоделие #handmade #хендмэйд #зефирные #prilaga #игрушки #мягкаяигрушка #мк #кошечкамк #мастеркласс #бесплатно #giveaway #мквподарок #описаниеигрушки";1554093134;133;2241121942;False;мквподарок
BvtP3uGFbk9;"Я @katarina_baby_toys  сегодня с хорошими новостями, мастер класс по кошечке готов 😻Он в формате PDF, можно распечатать, можно читать прям со смартфона. Постаралась максимально все описать, получилось 25 страниц и море фотографий. 💸💸💸Стоимость МК 200р. А кто угадает сколько фотографий в МК получит его бесплатно🙀 Пришите в комментариях ваши варианты. По всем вопросам 👉 @katarina_baby_toys
.

#подаркиручнойработы #любимоехобби #плюшеваяигрушка #оригинальныйподарок #ручнаяработа #вяжу #сделанослюбовью #амигуруми #вязание_крючком #азов #вяжутнетолькобабушки #подарок #ялюблювязать #amigurumi #рукоделие #handmade #хендмэйд #зефирные #игрушки #мягкаяигрушка #мк #кошечкамк #мастеркласс  #мквподарок #описаниеигрушки";1554108976;409;6319088440;False;мквподарок
BvuFTnEh3sZ;"✨Дорогие друзья, на это воскресенье приглашаем вас в Мастер класс по созданию украшения из красивейшего, итальянского стекла в технике Тиффани. Он состоится в арт пространстве Артбуз, по адресу Лиговский 74, лофт проект Этажи, в 13-00. Длительность - 3 часа. На МК вы сможете собственными руками сделать себе брошь или серьги. Мы научим вас работать со стеклом, выдумывать и паять.
✨Стоимость МК 2500 рублей.
Для записи пишите в Директ)
#мастерклассвитраж #мквподарок #мастерклассспб #брошканазаказ #брошкамастеркласс #мастеркласс #украшенияручнойработы #брошьтиффани #подарокнадр";1554136992;15;11133500588;False;мквподарок
BvuKZ34Dsv4;"!!!ОСТОРОЖНО!!!🎉Подарки🎉!!!
⠀
Наша дружная компания девочек решили вас порадовать и приготовили 5 супер-подарков для самых настоящих крючковых вязальщиц!!!🎉
⠀
От меня Вы получите в подарок  видео мастер-класс!!!💗
⠀
НАШИ УСЛОВИЯ РОЗЫГРЫША:
⚠️Поставить ♥ на этот пост ⚠️Подписаться на всех организаторов розыгрыша:
@vi_kots 
@ksy_crochet 
@olga_vyazalochkina 
@kruchkovaya_feya
@vjazanye_odezhki ⚠️Под этим постом написать ""хочу подарок"" и отметить подругу, такую же творческую! Количество комментариев не ограничено!
⠀
👍Если желаете получить подарок от меня - отмечайтесь в комментариях под этим постом!👍
Если хотите попытать удачу и получить 5 подарков - отмечайтесь у каждого организатора в профиле с таким же постом!
⠀
Будет пять победителей!!!
⠀
Все условия должны быть выполнены, в противном случае победителя будем выбирать заново!
⠀
Итоги будут подведены 8 апреля у каждого организатора в профиле!
⠀
Выбор с помощью @lizaonair ⠀
Всем желаем поймать удачу!!!";1554139665;933;2328118634;False;мквподарок
BvuKcCvjK_j;"!!!ОСТОРОЖНО!!!🎉Подарки🎉!!!
⠀
Наша дружная компания девочек решили вас порадовать и приготовили 5 супер-подарков для самых настоящих крючковых вязальщиц!!!🎉
⠀
От меня Вы получите в подарок один мой  мастер-класс на выбор!!!💗
⠀
НАШИ УСЛОВИЯ РОЗЫГРЫША:
⚠️Поставить ♥ на этот пост
⚠️Подписаться на всех организаторов розыгрыша:
@ksy_crochet 
@olga_vyazalochkina
@vjazanye_odezhki
@vi_kots
@kruchkovaya_feya
⚠️Под этим постом написать ""хочу подарок"" и отметить подругу, такую же творческую! Количество комментариев не ограничено!
⠀
👍Если желаете получить подарок от меня - отмечайтесь в комментариях под этим постом!👍
Если хотите попытать удачу и получить 5 подарков - отмечайтесь у каждого организатора в профиле с постом с таким же текстом!
⠀
🎉Будет пять победителей!!!🎉
⠀
Все условия должны быть выполнены, в противном случае победителя будем выбирать заново!
⠀
Итоги будут подведены у каждого организатора в профиле 8 апреля! О времени мы сообщим в сториз!
⠀
Выбор с помощью @lizaonair
⠀
🎉Всем желаем поймать удачу🎉 .
.
#розыгрыш #гив #описаниевязания #мквподарок #прриветапрель1 #бесплатноеописаниевязание #мквязание #вяжусама #вяжудлядочки #вяжукрючком #идеидлявязания #babyknits #instacrochet";1554139683;1786;2694949677;False;мквподарок
BvvX2LjAPvR;"🎁Получи в ПОДАРОК МК ""Зайчонок"" при покупке любых двух МК 🎉
✔Стоимость МК от 150₽
✔МК в формате PDF высылаю на адрес Вашей электронной почты сразу после оплаты💸
💰Оплата для России на карту СБ,
для других стран PayPal 💶💵
По вопросам заказа
Direct/WhatsApp/Viber :
+79200153673🌿
#заяц #вязаныйзаяц #плюшевыйзаяц  #вязаныйзайка #плюшевыйзайка #зая #зайкакрючком #заяцкрючком #плюшеваяпряжа #вязаныеигрушки #вязанаяигрушка #плюшевыеигрушки #handmadetoys #проект_ilovehandmade #toys_gallery #handmade_igruhski #игрушкиспб #вязаныеигрушкиспб #игрушкикрючкомспб #подарокспб #детиспб
#мкзайка #мкигрушкикрючком #мкамигуруми #amigurumi_mk #амигуруми_мк #мквподарок #плюшевыеигрушкимк";1554180267;34;3539962788;False;мквподарок
BvvbU08j_k1;"🎁Получи в ПОДАРОК МК ""Зайчонок"" при покупке любых двух МК 🎉
✔Стоимость МК от 150₽
✔МК в формате PDF высылаю на адрес Вашей электронной почты сразу после оплаты💸
💰Оплата для России на карту СБ, для других стран PayPal 💶💵
По вопросам заказа
Direct/WhatsApp/Viber :
+79200153673🌿";1554182091;374;7210075092;False;мквподарок
Bvw1Nkijg8_;"💤ЛОВЕЦ СНОВ💤
⠀
Это талисман, который охраняет сон спящего человека. Изобретение талисмана принадлежит индейскому народу. Вы удивитесь, но ему уже одна тысяча лет😳. Благодаря ему можно рассчитывать на то, что спящему человеку будут сниться благоприятные сны😴. Ловец снов обещает, что ничего плохого со спящим человеком не случится😌.
⠀
Об этом, и не только, на мастер классе по созданию ловца снов из сухоцветов и перьев.
⠀
ЧТО ТЫ УЗНАЕШЬ НА МАСТЕР-КЛАССЕ
⠀
🍂научишься работать с сухоцветами
🍂узнаешь все о ловцах снов
🍂получишь советы эксперта
🍂создашь уникальный предмет интерьера своими руками
🍂​прекрасно проведешь время в компании творческих людей
⠀
ДЛЯ КОГО ЭТОТ МАСТЕР-КЛАСС
⠀
🙋для любого уровня подготовки
🙋для тех, кто хочет создать декор своими руками
🙋для тех, кто любит цветы и хочет научиться с ними работать
🙋для тех, кто хочет открыть в себе навыки флориста
⠀
В СТОИМОСТЬ ВХОДИТ
⠀
✅материалы для картины
✅свежие цветы
✅декор
✅инструменты
✅шедевр, который вы заберете домой.
⠀
Осталось 3 места☝
⠀
Моментальная запись: ☎️ 927-87-78 или напишите в Директ
⠀
#мкспб #хочустатьфлористом #творческийпитер  #декорпитер #будуфлористом #люблюцветы #цветывмоде #хожунамастерклассы #делаюсвоимируками #handyclass #spb  #длядетей #питер #мамасыночка #подарокна8марта #артвечеринкиспб #платьяспб #interior #интерьер #8марта #мкпофлористике #подарочныйсертификат #сертификат #чтоподарить #мастерклассвподарок #мквподарок #идеяподарка  #подарокмаме #подарокдлямамы #подароклюбимой";1554229217;37;8346599004;False;мквподарок
Bw1uInxFSwT;"Дорогие друзья!
В это воскресенье, 05.05.2019 в 13-00 у нас состоится мастер класс в технике Тиффани, по изготовлению брошки Чайка, из итальянского стекла.
Вы научитесь работать со стекломи, паять и станете обладателем милого, позитивного украшения)
Стоимость мастер класса 1600 рублей. Для записи пишите в Директ)
#hrust_stekla #брошкачашка #чайка #новаяголандия #брошьсердце #брошьхэндмэйд #мастерклассспб #мастерклассвитраж #мастеркласс #мквподарок #мкукрашения #МКмозаика #МКфьюзинг #МКброшка #мкброшь";1556540763;35;11133500588;False;мквподарок
Bw363Z6BEIf;"РАСПИСАНИЕ работы мастерской!!!!
На первомайские праздники! 🌿

МК Гончарный круг каждый день по предварительной записи!
ВРЕМЯ: 9.00, 11.00, 13.00, 15.00, 17.00, 19.00

ЛЮБОЙ МК по ручной лепке от 2х человек - по запросу в любой день! (расписание ориентировочное)

Запись в личку или по тел 89537859880 Екатерина. ☀1 мая - Среда
15.00 Глазуровка
17.00 МК ручная лепка в технике ""из куска""
19.00 МК ручная лепка в технике ""из жгутика""
☀2 мая - Четверг
13.00 Глазуровка
15.00 МК ручная лепка в технике ""из пласта"" 
17.00 МК ручная лепка, Чашки - зверюшки - с 6 лет.
☀3 мая - Пятница
МК по запросу
☀4 мая - Суббота
11.00 МК ручная лепка, техника из пласта - ""Мозаичные тарелочки"", от 8 лет. 
15.00 Разовый МК ручная лепка и дизайн в технике сграффито - ""Панно или ветерок"", 2 часа, 1000р
17.00 Групповые занятия по керамике для детей, от 6 лет.
☀5 мая - Воскресенье
13.30 разовый МК ручная лепка и дизайн в технике сграффито - ""Панно или ветерок"", 2 часа, 1000р
16.00 Глазуровка уже обожженных изделий
17.30 МК ручная лепка в технике ""из куска""
☀6 мая - Понедельник
☀7 мая - Вторник
☀8 мая - Среда
☀9 мая - Четверг
МК по запросу.
☀10 мая - Пятница
14.00 Глазуровка
15.00 разовый МК ручная лепка и дизайн в технике сграффито - ""Панно или ветерок"", 2 часа, 1000р
17.00 МК ручная лепка в технике ""из пласта""
☀11 мая - Суббота
13.00 МК ручная лепка в технике ""из куска""
15.30 Глазуровка
17.00 Групповые занятия по керамике для детей, от 6 лет.
☀12 мая - Воскресенье
МК по запросу";1556614546;45;5688708100;False;мквподарок
Bw9crushVl6;Весеннее оформление наших подарочных сертификатов в таких цветочках😊💗 Следом сейчас опубликую! #подарокростов #песочноешоувростове #мквподарок #чтоподарить #аниматорростов #дрростов #бесплатноростов;1556800048;7;2677946360;False;мквподарок
BwEq2x5jWvs;"Мои процессы 🙌🏻
Вот такие три игрушки у меня сейчас в работе 🧶
Борюсь с собой, чтобы не начать четвёртую 😅 Надо бы сначала эти закончить 😊

Угадаете кто это будет?
Тому, кто правильно угадает всех троих, подарю МК по Ленивцу 😉";1554894876;189;5841428599;False;мквподарок
BwEsp_5Fq13;"Привет всем! ❤️
Урааа🎉🎉🎉, я это сделала!😅💃 МК на кардиган ""Конфетти"" готов! 🎉🎉🎉
В связи с чем,😉 объявляю КОНКУРС!🎁
для участия пишите в комментариях, свои варианты названия для этого кардигана, чей вариант мне понравится больше, тому МК достанется в подарок 🎁🎉💕!!!
( Конкурс завершён 💕)
🎉🎉🎉
Он очень подробный с фото процесса, подойдёт для машины двухфонтурной, однофонтурной 5 класса, а так же для вязания спицами.🤗
Я надеюсь, все кто его так ждали, останутся довольны 💕 
По вашим просьбам в него входят размеры от 80 до 134 роста.
🔹🔹🔹
🔹МК в формате PDF на 29 страниц 🙈. В нем вы найдете выкройки в сантиметрах и петлях, подробное описание всего процесса с фото. МК подойдёт для новичка.
В описании используется пряжа Gazzal baby cotton 165м/50гр.
🔹Размеры 80-134
💰Цена 500 руб на покупку сегодня 🎀 с завтрашнего дня 700 руб.
💳Оплата на карту сбербанка России, Qiwi кошелек или PayPal
✉️От вас электронный адрес.
🔹🔹🔹
📩Пишите заказ в комментариях, Direct, WhatsApp, Viber +7(918)9899599 Ольга
🔹🔹🔹
#мккардиган #мквязаниенамашине #мквязаниеспицами #мкмашинноевязание #кофтаспицами #мквформатеpdf #мквязание #свитшотдетский #вязаниедлявсех #мквязаниедлядетей #вязаниедлядетей #вязаниеназаказ #учусьвязать #машинноевязание #машинноевязаниемк #какдeлишки #воплотиcвоюмечту #мктолстовка #урокимашинноговязания #мкпдф #мкpdf #детскийкардиган #весна2019 #вяжемдетям #наширукинедляскуки #мквподарок";1554895820;1029;1234265465;False;мквподарок
BwHDpquj6hN;"УРА РОЗЫГРЫШ ✴️⠀
⠀
ЗНАКОМЬСЯ❤️
⠀
Я Наташа😽Со мной на ты!⠀
Не буду писать всю прозу сразу, а лучше поиграем🤓⠀
⠀
Ниже написаны 8 фактов обо мне, 2 из которых – неправда☝️Твоя задача – отгадать, в каких предложениях сокрыта ЛОЖЬ😈⠀
⠀
Пиши в комментариях номера утверждений, который кажутся тебе неправдой.⠀
⠀
❗🚩Первому человеку, угадавшему оба предложения подарю МК Йогантуый Единорог🦄 или МК Хиппи Лёва🦁 на выбор🚩❗ну, и, конечно же, подписочка, лайк и вот это всё пжлста)) куда ж без них!
⠀
Итак:⠀
1) Я закончила Бауманку
2) Я вяжу с 7 лет⠀
3) Я замужем за французом⠀
4) Английский – мой родной язык
5) Я мастер спорта по сноуборду⠀
6)Я говорю по-французски⠀
7) Я никогда не прыгала с парашютом⠀
8) Я семь лет занималась большим теннисом⠀
⠀
Да пребудет с тобой чуйка! Погнали⤵️⠀
⠀
#розыгрышмк #мкповязанию #бесплатныймк #бесплатныемк #мквподарок #мкединорог #единорогамигуруми #вязаниемоехобби #вязаныйлев #левамигуруми #мкповязанию #вяжемигрушки #левкрючком #shuster_yogaunicorn #giveawaypattern #freepatterns #мклев #левмк #амигурумилев";1554974985;134;10127786574;False;мквподарок
BwJVV3nj_SA;"СТОП🔥ЛИСИЙ МАРАФОН!
⠀
Предлагаю сегодня поиграть!💥
А чтобы нам веселей игралось, на кону стоит приз - любой мой мастер-класс. ⠀
🎷ПРАВИЛА НАШЕГО ЛИСЬЕГО МАРАФОНА:
1️⃣быть моим подписчиком
2️⃣♥️ этому посту и...
3️⃣ в комментарии напиши название любого произведения, связанного с лисичкой!
⠀
Вот абсолютно любое - сказка, рассказ, мультфильм, фильм! Лишь бы там присутствовала лисичка👌
Комментариев от одного участника может быть хоть миллиард!
_____________
Как выберу победителя?
• прямо сейчас в Заметках я загадаю и напишу определенное время😉
• сделаю скриншот, чтобы вы могли потом меня проверить (во сколько я сделала заметку и тд) Этот скрин после объявления победителя повешу в сториз👌🏻
• ровно в загаданное время я напишу здесь «СТОП!» и подарю свой мастер-класс тому, чей комментарий будет последним🔥
⠀
#zvereva_knits_лисички";1555051465;140;4163748933;True;мквподарок
BwR8GXbD2T7;"Крутые сердечки от @happy_shop_crochet ! Уже вязала сердечко по МК Лены! Надо повторить!
#подставкаподчашку  #вяжукрючком  #вяжунетужу #мквподарок";1555340125;66;5590150431;False;мквподарок
BwRdfYRhJL4;"Дорогие друзья!
В это воскресенье, 21.04.2019 в13-00 у нас состоится мастер класс в технике Тиффани, по изготовлению брошки (кулона) лампочки💡 из итальянского стекла.
Вы научитесь работать со стекломи, паять и станете обладателем яркого, позитивного украшения)
Стоимость мастер класса 1600 рублей. Для записи пишите в Директ)
#hrust_stekla #брошкалампочка #брошьсердце #брошьхэндмэйд #мастерклассспб #мастерклассвитраж #мастеркласс #мквподарок #мкукрашения #МКмозаика #МКфьюзинг #МКброшка #мкброшь";1555324077;37;11133500588;False;мквподарок
BwT_oOdl2-x;"С большим удовольствием мы получаем от вас слова благодарности в рамках марафона по вязанию рюкзака, у всех получаются потрясающие работы🤩 теперь у вас будет классный аксессуар на лето☀️
⠀
А сегодня хотим познакомить вас с Олей @olga.dursun. 
Это мастер, которая ищет свой стиль в вязании модной одежды и нестандартные подходы, а также стимулирует других на собственное авторство👍

Даже свои МК она пишет так, чтобы у вязальщиц оставалась свобода самовыражения: всегда предусмотрены несколько вариантов модификаций одной модели и  подсказки🧐

А если Вы уже и сами автор описаний по своим изделиям, то у Оли можно почитать посты, где она делится опытом написания своих мастер-классов и даёт полезную информацию.
⠀
🎁🎁🎁И специально для наших  подписчиков Оля подготовила подарок:
⠀
🧶подпишитесь на страничку @Olga.Dursun
🧶и напишите ей в директ  кодовое слово «подарок дружбы»
⠀
🎁в ответ получите ссылку на скачивание авторского бесплатного МК Ольги на вязание кардигана #уютныйкарди_od

И тогда у вас будет не только модный аксессуар🎒, но и уютный кардиган👚❤️";1555409084;420;9045420528;False;мквподарок
BwY3yPJFyJ5;"Марафон по вязанию рюкзака подходит к концу и в продолжение мы приготовили для вас бесплатный  МК по вязанию корзинки с крышкой! Не дадим вам расслабиться😄💪
⠀
Мастер-класс - это отличный повод потренироваться новичкам и для тех, кто успел заскучать😉

Посмотрите какая она милая❤️ корзинка подойдёт для детского интерьера или для наших девчачьих мелочей🤗
⠀
⠀⠀⠀⠀!!!!ВНИМАНИЕ !!!!
⠀
Зарегистрироваться на бесплатный МК по вязанию корзинки с крышкой можно до 24 апреля включительно до 23.00ч☝️ПОСЛЕ РЕГИСТРАЦИИ МК будет доступен в течении 7 дней😉
Вяжите и выкладывайте свои работы под #mktvoristudio.
⠀
✔️Чтобы получить ссылку на бесплатный МК нужно обязательно быть подписанным на @tvoristudio и @amadknit и сделать репост к себе на страницу или в сториз с отметкой @tvoristudio и @amadknit. Если вы не поставите отметки, то мы не увидим ваш репост!";1555572744;1179;9045420528;False;мквподарок
Bwb8USKjpiS;"БЕСПЛАТНОЕ ОПИСАНИЕ пончика надо?
Тогда ставь ❤️, листай карусель и сохраняй ✔️";1555675783;125;7865046810;False;мквподарок
BwcSi6Fnhuq;"🌺Праздничный, загадочный мастер-класс Цветок с сюрпризом.
‼️Хотите получить бесплатно.
Выполните простые условия
🌺Быть подписанной на меня 🌺Сделать репост в сториз или в ленту с надписью ""Хочу бесплатный МК от @oksana_masterklass 🌺Напишите в директ ваш электронный адрес, и в течении 2 дней вам придет  видео МК.
#мквподарок #бесплатныймк #";1555687437;25;7804172748;False;мквподарок
Bwg0OxKHrtO;"Девочки мои, приветы🙋🏻‍♀️
.
А давайте придумаем название моему красавцу🤓
Предпочтительно на заморском языке😁
Тому, чьё название я выберу подарю МК по свитеру, как только он выйдет в свет❤️
.
И с Вербным Воскресеньем, друзья!🌿
Вязать будете? Я да🤭
.
P.S. Тест группу сформирую в ближайшие несколько дней👌";1555839316;742;540409263;False;мквподарок
BwjUK-TAM5h;"*КАК ПРОХОДЯТ НАШИ ТВОРЧЕСКИЕ МАСТЕР-КЛАССЫ*
Сегодня подробнее о том, как создаются уникальные игрушки на наших мастер-классах.
*
И так, что же предстоит сделать, прежде чем на свет появятся новенькие, хорошенькие, мимишные единорожки, оленятки и динозаврики:
🖌️Знакомимся с материалами, которыми будет работать
🖌️Немного шумим, делая заготовку идеально гладкой для покраски. В этом нам помогает шлифовочный материал
🖌️Крепим рожки
🖌️Придумываем цвет тела будущего милахи и смешиваем краски - колористика
🖌️Наносим краску техникой тамповки специальной губкой для бархатистой и ровной поверхности
🖌️Если создаём единорогов - крутим и крепим гривки и хвостики из ниток
🖌️Наносим декор или роспись
*
🦄Атмосфера всегда творческая и интересная.
🦄Уровень подготовки может быть любой, мастер всегда помогает на всех этапах.
🦄И своих, полюбившихся в процессе создания малышей вы забираете домой😍❤️
*
Приходите на наши Мастер-классы, творите, фантазируйте!💖🙌🎨
*
#мкЧелябинск #мкПапьеМаше #мкКраски #мкЕдинорогЧелябинск #мкОленьЧелябинск #мкДиноЧелябинск #игрушкаСвоимиРуками #мкДляДетейИвзрослых #создаемЕдинорога #создаемОленя #создаемДинозавра #добротойс #добрыеИгрушки #unicorn #magic #art #decor #design #present #мкВподарок #dobrotoys #мастерКлассЕдинорог";1555923171;30;1551116432;False;мквподарок
Bwq56MbFpaJ;"В преддверии светлого праздника Пасхи, мы радуем вас бесплатным МК по вышивке очаровательной брошки ""Цыпленок"". Вышивайте его и дарите своим близким и родным❤️
⠀
⠀⠀⠀⠀!!!! ВНИМАНИЕ !!!!
⠀
Зарегистрироваться на бесплатный МК по вышивке  броши ""Цыпленок"" можно до 1 мая  включительно до 23.00ч☝️ПОСЛЕ РЕГИСТРАЦИИ МК будет доступен в течении 7 дней😉
Вышивайте и выкладывайте свои работы под #mktvoristudio.
⠀
✔️Чтобы получить ссылку на бесплатный МК нужно обязательно быть подписанным на @tvoristudio и @svetypanina и сделать репост к себе на страницу или в сториз с отметкой @tvoristudio и @svetypanina. Если вы не поставите отметки, то мы не увидим ваш репост!";1556177837;681;9045420528;False;мквподарок
BxG3-2FFbvq;"СТАРТ РОЗЫГРЫША...В ЧЕСТЬ +500⠀
⠀
ПРАВИЛА:⠀
• Быть подписчиком моего профиля⠀
• Лайк на данный пост⠀
• Пара приятных слов в комментарии для меня или какой МК хотите в подарок ⠀
• Там же в коментарии отметить подругу. Комментариев может быть сколько угодно, но подруги разные!⠀
• Подруга должна лайкнуть ваш комментарий!!!⠀
⠀
ИТОГ:⠀
• Розыгрыш продлится 1день⠀
• Победитель будет выбран генератором случайных чисел завтра вечером в прямом эфире.⠀7мая.
⠀
ПОДАРКИ:⠀
• Видео МК брошь Жужжео⠀
• ЛИБО 50%скидки на МК Меховой браслет Гармония ( стоимость МК 2500р)

#rm_акции 
#розыгрыш #МКвподарок
#меховойбраслет #вышивкабисером #ручнаявышивка #браслетсвышивкой #сваровки #sw_beauty #greenbirdme #handmadeacsessories #handmadejewelry #handmade_ru_jewellery #handmade_prostor #handmade_mk #украшениясвоимируками #украшенияизмеха";1557116351;300;1976848787;False;мквподарок
BxTKZ1OjPht;"Такой интересный тигрёнок можно связать благодаря МК @jack_mk_crochet 
Я хочу ! А вы?
#игрушкикрючком 
#амигуруми 
#амигурумисхемы 
#мквподарок";1557528662;15;5695541646;False;мквподарок
BxWyaf6DCAL;"Как освободить энергию на творчество? .
Вам точно к нам, если: .
🔹Список дел превышает количество часов в сутках. .
🔹Список невыполненных обещаний растет в геометрической прогрессии..
🔹Килограммы пряжи ловят на себе недовольные взгляды мужей/детей/родственников .
🔹 Недовязы стопочками пылятся в шкафу. 
Знакомо? .
🎉Команда творческих и активных рукодельниц возьмет вас в свои деятельные руки и проведет по «РукоДоДельному» марафону, который стартует уже 14 мая! .
🎉Всего за 7 дней вы вновь обретете вдохновение и творческую энергию. .
Здесь вас ждут: .
✔️простые, но эффективные задания.
✔️подарки от спонсоров.
✔️полезности от спикеров .

Присоединяйтесь, будет интересно! .
ПРАВИЛА УЧАСТИЯ: .
❣️Поставь лайк этому посту,
.
❣️Сделай репост этого поста в сториз (1. Нажми на значок самолетика под постом 2. Нажми на текст: «Добавить публикацию в вашу историю») .
.
❣️В комментарии к этому посту укажи двух подруг.
.
❣️Подпишись на аккаунт @rukododelniymarafon и читай правила под аналогичным постом
.
❣️Жди начала марафона, смотри эфиры и выполняй задания!";1557650302;86;6429347487;False;мквподарок
BxZrYwJjN2s;"✴️Розыгрыш 1️⃣0️⃣ плюшевых мастер-классов✴️ 10 прекрасных мастериц решили порадовать вас и подарить вам 5 МК из плюшевой пряжи и 5 МК из пряжи Alize Puffy. Листай карусель и смотри прекрасные работы👉

Ставь лайк этому посту 💖 скорей переходи к @plyushevyi_mir_igrushek и читай условия под постом с надписью ""Розыгрыш""💕
Всем удачи😘
.
.

#alizepuffy #alize #miel_puffy #handmade #пуффимания #ализепуффи #ализе #розыгрыш #розыгрышмк #мастеркласс #видеомк #мастерклассповязанию #мквязание #розыгрышмастеркласс #мквподарок #мкпуффи #мкигрушка #мастеркласспуффи #мкбесплатно #вяжутнетолькобабушки #совместныйрозыгрыш #амигуруми #вязаныеигрушки #люблювязать#учусьвязать";1557747281;357;9535492033;False;мквподарок
BxeNm9hoUaI;"Всем привет!Ну и что, что через две недели лето🍃⠀
⠀
⠀🧶Это совсем не повод спрятать спицы и не хотеть новые моточки🧶 ⠀
⠀
⠀Поэтому у нас 13 подарков для любительниц вязать👌🏻⠀
⠀
⠀❗❗❗Переходи в @for.happy.knit, выполняй условия и жди🍒 ⠀
⠀
⠀В этот раз повезёт именно тебе 🥰
....................................................
🎁От себя дарю 8 моточков хлопка Egitto и Мастер-класс полукомбеза! ⠀
⠀#вязаниеспицами #вяжутнетолькобабушки #даримпряжу #розыгрыши #розыгрышпряжи #пряжавподарок #мквподарок #учусьвязать";1557899441;343;1020348079;False;мквподарок
BxhEBk_gpRG;"✴️РОЗЫГРЫШ 10 Мастер-классов ✴️
Ты ещё не участвуешь❓а зря, ведь никаких репостов делать не нужно.
.
Переходи скорей к @plyushevyi_mir_igrushek
Читай подробности под постом с надписью ""Розыгрыш 10 МК"" и скорей участвуй, ведь именно ты можешь получить крутые МК в подарок🎁
.
Итоги подведём уже сегодня 1️⃣6️⃣.0️⃣5️⃣. 2️⃣0️⃣1️⃣9️⃣. в 1️⃣8️⃣:0️⃣0️⃣ по мск.
#мастеркласс #ализепуффи #мквязание #розыгрышмастеркласс #мквподарок #мкпуффи#мкигрушка #мкпуффи #учусьвязать #пуффимания #подушкапуффи #alizepuffy #alize #miel_puffy#handmade #мкбесплатно #вяжутнетолькобабушки #совместныйрозыгрыш #амигуруми #вязаныеигрушки #люблювязать";1557995080;272;9535492033;False;мквподарок
Bxki1zfBOYy;"Расписание на летние месяцы, начиная с 20 мая!
⠀
🌿 МК Гончарный круг  каждый день по предварительной записи!
ВРЕМЯ: 9.00, 11.00, 13.00, 15.00, 17.00, 19.00
🌿 ЛЮБОЙ МК по ручной лепке (или просто лепка по времени) от 2х человек - по запросу в любой день!
⠀
МК ручная лепка из глины:
✨ МК ""Отминки листов и травинок"" Длительность 1,5 часа, 2 изделия, тарелочки, первый этап. Стоимость 800р, С 7 лет.
✨""Чашка+тарелочка"" - мк в любой теме. Это может быть кружка гранат и тарелка лист, или фактурные чашка и тарелка, или изделия в любой теме: киты, дельфины, листы, сердечки и прочее). 1000р, с 7 лет.
✨""Тыква"" - тыквы разные - горшочки, подсвечники, страшные тыквы, красивые...декоративные и используемые в быту. 1,5- 2 часа, с 7 лет, 800р
✨""Украшения"". Бусины, подвески, шармы, браслеты. 1 этап =лепка, 1,5-2 часа, 800р.
✨""Подсвечник"" - домики, дырчатые подсвечники, гранаты, цветы. Лепка - 1,5-2 часа, с 8 лет, дети 700р, взрослые -900 р.
✨""Броши"" лепка из глины и дизайн. 1-1,5 часа, несколько изделий на ваш выбор, обжиг включен. 800р.
✨""Зверюшки-малышки"", маленькие: черепашки, птички, рыбки, котики, зайки. Несколько животных, 1-1,5 часа, 500р ребенок с 6 лет, 700 взрослый.
✨ ""Техника жгута"" в объеме, любое изделие по вашему вкусу - чашка, ваза, конфетница. Длительность 2 часа, обжиг входит. Стоимость 900 р, с 7 лет.
✨""Глиняная фактура"" - лоскутная техника в глиняном исполнении, с разнообразными узорами и отминками. Длительность 2 часа. Стоимость 1200. С 10 лет.
✨ МК ""Кружка/ чашка -зверюшка"", от 7 лет, 1,5-2 часа, одно изделие, все материалы и два обжига включены, забираете готовое изделие. 900р ребенок до 12 лет, 1200 взрослый.
⠀
✍Запись в личку или по тел 89537859880 Екатерина.";1558111900;32;5688708100;False;мквподарок
BxuUD8NiqLx;"Дорогие друзья!
В эту субботу , 25. 05.2019 в 13-00 у нас состоится мастер класс в технике Тиффани, по изготовлению брошки на выбор: лампочки, чайка или апельсин из итальянского стекла.
Вы научитесь работать со стекломи, паять и станете обладателем яркого, позитивного украшения)
Стоимость мастер класса 1600 рублей. Для записи пишите в Директ)
#hrust_stekla #брошкалампочка #брошьсердце #брошьхэндмэйд #мастерклассспб #мастерклассвитраж #мастеркласс #мквподарок #мкукрашения #МКмозаика #МКфьюзинг #МКброшка #мкброшь #брошьчайка #брошьапельсин";1558439695;41;11133500588;False;мквподарок
Bxw1x0wAJTt;"Дарю МК 🤗

Я давно хочу связать одного зверя. Изрисовала его разными образами пол блокнота. Но все никак не определюсь, как же он должен выглядеть 🤔
Решила, что хватит рисовать, надо брать и вязать 🙌🏻
Вот уже и ниточки подготовила 🧶

Ваша задача, угадать, кого же я так хочу связать ❓
Первым трем угадавшим я подарю мой МК по вязанию Ленивца 😊

Жду ваши комментарии 🙃

Победители найдены 🙂";1558524482;56;5841428599;False;мквподарок
BxwO0zeiJ-f;"КАК ПОЛУЧИТЬ МК БЕСПЛАТНО❓Просто угадайте, какую игрушку я делаю.

С вас подписка на мой аккаунт и 💕 посту. Комментарий с ответом и адресом электронной почты.

С меня МК на почту каждой угадавшей.

Стоп ❌ сегодня в 00:00.

Рассылка 24-25 мая.

В предыдущих постах есть подсказки 🤔";1558504059;29;3448603219;False;мквподарок
BxwXIctgLSf;"Хочешь связать классную детскую игрушку? А может быть, душа просит порцию новенькой пряжи? 😊
⠀
🔥 Мы с девочками решили подарить 9 мастер-классов и сертификат номиналом 500 рублей на покупку пряжи!
⠀
Чтобы принять участие в розыгрыше, поставь 💕 этому посту и переходи к 👉 @sami_kryuchkami 👈 все подробности у неё в посте.
⠀
🎁 Я подарю мастер-класс на выбор победителя, остальные 9 подарков смотрите в карусели 🎡
⠀
🤹 Розыгрыш уже в это воскресенье, в 16.00 по Москве в прямом эфире у @sami_kryuchkami
⠀
💥10 подарков = 10 победителей! Шансы ооочень велики!💥
⠀
Не выигрывает только тот, кто никогда не участвует 😜
Желаю вам удачи!🎈🎈🎈";1558508414;291;10956002781;False;мквподарок
BxxFCxqCbH9;"Подарки любите? ☺️ Вчера играли в сторис, сегодня поиграем в ленте😊

Вам нужно отгадать что это за зверь изображён на картинке (листайте карусель).
🌸
 Среди отгадавших будет разыгран подарок🎁 Победитель получит в подарок любой из моих мастер-классов 😊
#instaup_3";1558532485;29;8202406314;False;мквподарок
wLvK_BDouF;#мквподарок #giveaway;1417693067;11;1068025929;False;мквподарок
wvxpFuuYNb;Успеваю в последний вагон???)));1418902321;19;465258679;False;мквподарок
yzYGkGNRxa;"Трам-пам-пам! Победитель номер 17 @msgoreva!
Искренние поздравления счастливчику! Это действительно крутой подарок 😊
#МККалмыковойИрины #мквподарок";1423318116;3;265993398;False;мквподарок
